1723097654972 1.890037144681999 0
1723097654973 1.8795489423736282 0
1723097654974 1.8691478421848533 0
1723097654974 1.8589994045834204 0
1723097654975 1.8490794100433667 0
1723097654976 1.8392303303039765 0
1723097654977 1.8296942669104244 0
1723097654978 1.8202768206224913 0
1723097654978 1.8110471849690348 0
1723097654979 1.8018106824721447 0
1723097654980 1.7929023729219002 0
1723097654980 1.7840795790862396 0
1723097654981 1.7746013289531513 0
1723097654982 1.7653033023463538 0
1723097654982 1.756182654244777 0
1723097654983 1.747240388804881 0
1723097654984 1.7384733526181735 0
1723097654985 1.730560978446312 0
1723097654985 1.722123567176867 0
1723097654986 1.7138270240485682 0
1723097654987 1.7062303575146824 0
1723097654987 1.698894261035265 0
1723097654988 1.6917378664696858 0
1723097654989 1.6840078303027126 0
1723097654990 1.6764109421717603 0
1723097654990 1.6688940883462955 0
1723097654991 1.66152443548013 0
1723097654992 1.6543018824516769 0
1723097654993 1.6473548229996258 0
1723097654993 1.641046255777461 0
1723097654994 1.63419652065041 0
1723097654995 1.6274849400455358 0
1723097654995 1.620913930067723 0
1723097654996 1.6144095807343335 0
1723097654997 1.6081317338969952 0
1723097654997 1.6019036371561524 0
1723097654998 1.5957852209668983 0
1723097654999 1.5896212494406083 0
1723097654999 1.5836539416199529 0
1723097655000 1.5779196091131793 0
1723097655001 1.5721500796251362 0
1723097655001 1.5664890250867196 0
1723097655002 1.5609446736422183 0
1723097655003 1.555490013803672 0
1723097655003 1.5505565181878573 0
1723097655004 1.545237252956515 0
1723097655005 1.5401114436458418 0
1723097655006 1.5349432248614094 0
1723097655006 1.5299213353868575 0
1723097655007 1.525066748119254 0
1723097655008 1.5202761908727103 0
1723097655008 1.5155113083257628 0
1723097655009 1.510870761657529 0
1723097655010 1.5063479312329893 0
1723097655010 1.5018540600219854 0
1723097655011 1.497440767279145 0
1723097655012 1.4930437369060814 0
1723097655012 1.4887738476153274 0
1723097655013 1.484615466306651 0
1723097655014 1.4805183157460515 0
1723097655014 1.476486235282808 0
1723097655015 1.472554118670301 0
1723097655016 1.468633096496216 0
1723097655016 1.4648077169489444 0
1723097655017 1.46122839570046 0
1723097655018 1.4574296352462421 0
1723097655019 1.4538275449809195 0
1723097655020 1.4502507767634307 0
1723097655020 1.4467040867142942 0
1723097655021 1.4432394470966194 0
1723097655022 1.439952215668353 0
1723097655023 1.4365677400975987 0
1723097655023 1.4332043221124753 0
1723097655024 1.4299397129281266 0
1723097655025 1.4267443495711656 0
1723097655025 1.4235766257748224 0
1723097655026 1.420431432463005 0
1723097655027 1.4173424351706636 0
1723097655027 1.4143746657500385 0
1723097655028 1.4113508279375657 0
1723097655029 1.40845159422232 0
1723097655030 1.4057493087651076 0
1723097655030 1.4028799772663738 0
1723097655031 1.4001775834478005 0
1723097655032 1.3974506338162447 0
1723097655033 1.394843833747257 0
1723097655033 1.3921834817055019 0
1723097655034 1.3896719985745323 0
1723097655035 1.3870848509182254 0
1723097655036 1.384508792735541 0
1723097655036 1.381958172009381 0
1723097655037 1.3794523886997936 0
1723097655038 1.3770202352960872 0
1723097655038 1.3746082686207717 0
1723097655039 1.3722784417255227 0
1723097655040 1.3699678635757773 0
1723097655040 1.3676378218056455 0
1723097655041 1.3653487812885599 0
1723097655042 1.3630907855039 0
1723097655043 1.3609473094328712 0
