1723097887651 1.891262907176397 0
1723097887652 1.883059692713699 0
1723097887652 1.8741858672725058 0
1723097887653 1.8652038682138077 0
1723097887654 1.8563558709240326 0
1723097887655 1.8476839487803236 0
1723097887656 1.839182331265234 0
1723097887656 1.8308402665370864 0
1723097887657 1.8226704474723687 0
1723097887658 1.8156505551046744 0
1723097887659 1.8077481865212244 0
1723097887659 1.7992812817380013 0
1723097887660 1.7916231826783517 0
1723097887661 1.783963114026832 0
1723097887661 1.7759614689887437 0
1723097887662 1.768694940505011 0
1723097887663 1.7610861928318948 0
1723097887664 1.753485455839285 0
1723097887664 1.7469549464029421 0
1723097887665 1.7396505586923712 0
1723097887666 1.733007823980921 0
1723097887666 1.7261474684227183 0
1723097887667 1.719729178004572 0
1723097887668 1.7130163238806209 0
1723097887669 1.7063158394400517 0
1723097887669 1.700232319342886 0
1723097887670 1.6938783459353275 0
1723097887671 1.688213274577006 0
1723097887671 1.6824320158155597 0
1723097887672 1.6762858517705432 0
1723097887673 1.6702580418898427 0
1723097887674 1.6647886692517813 0
1723097887674 1.6589671194743376 0
1723097887675 1.6530109816098393 0
1723097887676 1.6477404476227144 0
1723097887676 1.642197109169133 0
1723097887677 1.6367179379640513 0
1723097887678 1.6311624562032885 0
1723097887679 1.6267324909919172 0
1723097887679 1.6216626790614947 0
1723097887680 1.6164872275132218 0
1723097887681 1.6117477228944037 0
1723097887681 1.6066093151416116 0
1723097887682 1.6017496944945484 0
1723097887683 1.59679062639666 0
1723097887684 1.5923506138336323 0
1723097887684 1.5876449467819878 0
1723097887685 1.58321324350251 0
1723097887686 1.5785749964597926 0
1723097887687 1.574397144746921 0
1723097887687 1.5699059803341961 0
1723097887688 1.5656894737205993 0
1723097887689 1.5613574016930527 0
1723097887690 1.557467344796785 0
1723097887690 1.5532730224386901 0
1723097887691 1.5493790295505137 0
1723097887692 1.5453210681759402 0
1723097887693 1.5417511728160347 0
1723097887693 1.5379428659549645 0
1723097887694 1.5340771087869116 0
1723097887695 1.5302742293619978 0
1723097887695 1.5265367096647953 0
1723097887696 1.5232100292469584 0
1723097887697 1.5198462081299995 0
1723097887697 1.5163936474488589 0
1723097887698 1.513062583588004 0
1723097887699 1.5096303097457153 0
1723097887700 1.5062211009670137 0
1723097887700 1.5028797354430081 0
1723097887701 1.4995451330708511 0
1723097887702 1.4963974999457181 0
1723097887702 1.4930383679292496 0
1723097887703 1.4900917090219916 0
1723097887704 1.4872411412669406 0
1723097887705 1.484267903881476 0
1723097887705 1.4813730075816978 0
1723097887706 1.4785610308572636 0
1723097887707 1.4756278864563053 0
1723097887707 1.472931925611817 0
1723097887708 1.470284741146212 0
1723097887709 1.4674548721566536 0
1723097887710 1.4648599750220583 0
1723097887710 1.462166864360063 0
1723097887711 1.4598262892985339 0
1723097887712 1.4572835273793248 0
1723097887712 1.4549133532780123 0
1723097887713 1.4523144903851979 0
1723097887714 1.4498080392199384 0
1723097887714 1.4474466304013442 0
1723097887715 1.4450179889744328 0
1723097887716 1.4426768648354542 0
1723097887717 1.4403507893176475 0
1723097887717 1.4380180014482982 0
1723097887718 1.4359696896113414 0
1723097887719 1.4337512970089532 0
1723097887719 1.4316222037775748 0
1723097887720 1.4295071591799353 0
1723097887721 1.4273292122862327 0
1723097887722 1.4252827589724106 0
1723097887722 1.423125294458736 0
