1723098649333 1.850731468624766 0
1723098649334 1.8031613970192504 0
1723098649335 1.7611242821047868 0
1723098649336 1.717988399370971 0
1723098649337 1.6790891379106199 0
1723098649338 1.6424079137084437 0
1723098649338 1.6101481491287495 0
1723098649339 1.5818231531356226 0
1723098649340 1.553484437158702 0
1723098649341 1.529571641560705 0
1723098649342 1.5072992991867689 0
1723098649342 1.4855444377161875 0
1723098649343 1.4658355154318703 0
1723098649344 1.44772166858896 0
1723098649345 1.4310056074856503 0
1723098649345 1.416164331946861 0
1723098649346 1.401971409451297 0
1723098649347 1.3884004536014183 0
1723098649348 1.3760198589070198 0
1723098649348 1.364778059747776 0
1723098649349 1.3537708733477238 0
1723098649350 1.3437506923645326 0
1723098649351 1.3345683528530168 0
1723098649352 1.325998959224354 0
1723098649352 1.3181152105624705 0
1723098649353 1.3105206542543353 0
1723098649354 1.3029676978672002 0
1723098649355 1.2963755250291231 0
1723098649355 1.2903068202978232 0
1723098649356 1.2835596544533705 0
1723098649357 1.2780222163070054 0
1723098649358 1.2728442059495486 0
1723098649359 1.2672708948382199 0
1723098649359 1.2622699928894703 0
1723098649360 1.2573839196036052 0
1723098649361 1.2530843821715645 0
1723098649362 1.2491650428539385 0
1723098649362 1.2452010647537366 0
1723098649363 1.2415959658348785 0
1723098649364 1.2374739108224748 0
1723098649365 1.2338875311614697 0
1723098649365 1.2308637898962385 0
1723098649366 1.2277825888121277 0
1723098649367 1.2245260993263114 0
1723098649368 1.2217265241972142 0
1723098649368 1.2188370233569195 0
1723098649369 1.215634037436405 0
1723098649370 1.2135491205155124 0
1723098649371 1.2112685933359912 0
1723098649371 1.2083794373480674 0
1723098649372 1.205895626390589 0
1723098649373 1.2038703382717488 0
1723098649374 1.2015280498770489 0
1723098649374 1.199440271178699 0
1723098649375 1.1976919354910918 0
1723098649376 1.1958874982555356 0
1723098649376 1.1938471140930966 0
1723098649377 1.1920471246129851 0
1723098649378 1.190271080927596 0
1723098649379 1.1886280792844726 0
1723098649379 1.1863288736573216 0
1723098649380 1.184172999907876 0
1723098649381 1.1823284105966074 0
1723098649381 1.1808106777713574 0
1723098649382 1.1793957168654379 0
1723098649383 1.1781523483448455 0
1723098649384 1.1768415051240564 0
1723098649384 1.175217789267687 0
1723098649385 1.173915632853711 0
1723098649386 1.1724362675612408 0
1723098649386 1.1708754370861185 0
1723098649387 1.1696816297075596 0
1723098649388 1.1686552695324355 0
1723098649388 1.1672977120483004 0
1723098649389 1.1663428635021762 0
1723098649390 1.1651511013870637 0
1723098649391 1.1632914505404 0
1723098649391 1.161704565485026 0
1723098649392 1.1601643852180348 0
1723098649393 1.1592995881751098 0
1723098649393 1.1583327112582393 0
1723098649394 1.1572794302531286 0
1723098649395 1.156187821148573 0
1723098649395 1.1548493207813064 0
1723098649396 1.1535374709314243 0
1723098649397 1.1524668354801284 0
1723098649398 1.151184559143084 0
1723098649398 1.1502711712632363 0
1723098649399 1.1493446544265111 0
1723098649400 1.1482960948602712 0
1723098649400 1.1474011447366443 0
1723098649401 1.14696136650726 0
1723098649402 1.145788496573489 0
1723098649402 1.145200611219382 0
1723098649403 1.1447052005376044 0
1723098649404 1.1434579743775466 0
1723098649405 1.1423926675731655 0
1723098649405 1.1419103239408297 0
1723098649406 1.1415896277093271 0
1723098649407 1.1409814062121422 0
