1723097900604 1.8541968554887007 0
1723097900605 1.812081899355118 0
1723097900605 1.7780047126479854 0
1723097900606 1.739654470543778 0
1723097900607 1.7043986585150506 0
1723097900608 1.672758708102356 0
1723097900609 1.6454370759787442 0
1723097900609 1.6178913844749034 0
1723097900610 1.5931597676132725 0
1723097900611 1.5716745790116318 0
1723097900612 1.549453756343469 0
1723097900612 1.5300797295835404 0
1723097900613 1.5131524982219695 0
1723097900614 1.4959939478890143 0
1723097900615 1.4815614050970691 0
1723097900616 1.466908657470015 0
1723097900616 1.454172909750467 0
1723097900617 1.442256365078894 0
1723097900618 1.43082591037408 0
1723097900619 1.4199512927133997 0
1723097900619 1.4101885132634409 0
1723097900620 1.400698235110237 0
1723097900621 1.3919795545190217 0
1723097900622 1.3836270999060152 0
1723097900622 1.3755563923798126 0
1723097900623 1.3686189473002919 0
1723097900624 1.3615922116899515 0
1723097900625 1.3543066976161593 0
1723097900625 1.3481068325619037 0
1723097900626 1.3421445302345636 0
1723097900627 1.3362856304698087 0
1723097900628 1.3310705252754031 0
1723097900629 1.3254429798634708 0
1723097900629 1.320370982428766 0
1723097900630 1.3161764967449345 0
1723097900631 1.311877186412612 0
1723097900632 1.3074927828100102 0
1723097900632 1.303544950391353 0
1723097900633 1.299976807066661 0
1723097900634 1.2960722343259943 0
1723097900635 1.2924470944030069 0
1723097900635 1.2892738359465992 0
1723097900636 1.2853243820543991 0
1723097900637 1.2821442262856255 0
1723097900638 1.278613975681844 0
1723097900638 1.276084688745766 0
1723097900639 1.2734224304639135 0
1723097900640 1.2710690898977821 0
1723097900641 1.2685415049115265 0
1723097900641 1.265766459164989 0
1723097900642 1.2630375116322399 0
1723097900643 1.2606815232654194 0
1723097900644 1.2589580791946198 0
1723097900644 1.256584571425528 0
1723097900645 1.254767651820803 0
1723097900646 1.2528709209933644 0
1723097900647 1.25057457713185 0
1723097900648 1.2487607569864025 0
1723097900648 1.2469354017012035 0
1723097900649 1.2451295935644113 0
1723097900650 1.2434522104847223 0
1723097900651 1.2415137394267886 0
1723097900651 1.2399178494243455 0
1723097900652 1.2386326624599726 0
1723097900653 1.2368684675155417 0
1723097900654 1.2351857772897714 0
1723097900654 1.2337945241747799 0
1723097900655 1.2324412725664584 0
1723097900656 1.2306167770748226 0
1723097900657 1.2291092431383168 0
1723097900657 1.2279195679147912 0
1723097900658 1.2267071765027335 0
1723097900659 1.225440602487345 0
1723097900660 1.2246317284163937 0
1723097900660 1.2235005973655255 0
1723097900661 1.2222549950412158 0
1723097900662 1.2210680288977427 0
1723097900663 1.219999409763891 0
1723097900664 1.2188294780180615 0
1723097900664 1.2178328810370362 0
1723097900665 1.2167836553032938 0
1723097900666 1.2151323957659022 0
1723097900667 1.2137212593384132 0
1723097900667 1.2121736969346715 0
1723097900668 1.211039537668424 0
1723097900669 1.2103845093855006 0
1723097900670 1.2093716933547345 0
1723097900670 1.2087651927317549 0
1723097900671 1.2073478482552316 0
1723097900672 1.2061633928962867 0
1723097900673 1.2054660144077047 0
1723097900673 1.204379734592332 0
1723097900674 1.2035295862812596 0
1723097900675 1.2022924629961704 0
1723097900676 1.2014743260632867 0
1723097900677 1.200980871337768 0
1723097900677 1.200456832456654 0
1723097900678 1.1993046548003812 0
1723097900679 1.1984852618175907 0
1723097900679 1.1975516010147822 0
