1723097670128 1.850752985673139 0
1723097670129 1.8026192684456914 0
1723097670130 1.7582699540367803 0
1723097670131 1.715047525633837 0
1723097670131 1.6751407177669886 0
1723097670132 1.6387547108570446 0
1723097670133 1.60542808095657 0
1723097670134 1.575222214197715 0
1723097670134 1.5474748396978155 0
1723097670135 1.5225316031845946 0
1723097670136 1.4993276005532505 0
1723097670137 1.480165682375765 0
1723097670137 1.4609138172513976 0
1723097670138 1.4429339338868945 0
1723097670139 1.4257563070448764 0
1723097670139 1.4106991528854786 0
1723097670140 1.3971520092694025 0
1723097670141 1.3846246060376441 0
1723097670142 1.3723891781069046 0
1723097670142 1.3610230968111316 0
1723097670143 1.3505161982329033 0
1723097670144 1.3414029866066228 0
1723097670144 1.332121613221675 0
1723097670145 1.3235630242498235 0
1723097670146 1.3150520373590688 0
1723097670147 1.3066861379960355 0
1723097670147 1.299148917239082 0
1723097670148 1.292542890040638 0
1723097670149 1.2859789990367811 0
1723097670149 1.2799577867175276 0
1723097670150 1.273846591780527 0
1723097670151 1.2684783921503378 0
1723097670152 1.2633164864095865 0
1723097670152 1.2587804303412786 0
1723097670153 1.2543214862984118 0
1723097670154 1.249912962602931 0
1723097670154 1.2454923284322785 0
1723097670155 1.241672486840595 0
1723097670156 1.2378101359060851 0
1723097670157 1.2339397475019274 0
1723097670157 1.2302689688019637 0
1723097670158 1.2269837018540835 0
1723097670159 1.2238074973911812 0
1723097670159 1.2206590271561801 0
1723097670160 1.217900554427702 0
1723097670161 1.2151419902965062 0
1723097670162 1.2125613443292107 0
1723097670162 1.2100467605645386 0
1723097670163 1.2073334057596783 0
1723097670164 1.2050364569206784 0
1723097670164 1.202416368588982 0
1723097670165 1.199883005537089 0
1723097670166 1.1978916203175358 0
1723097670167 1.1958478674193243 0
1723097670167 1.1942275447788842 0
1723097670168 1.1925610653403838 0
1723097670169 1.1905448870076099 0
1723097670169 1.1880841293294437 0
1723097670170 1.1864079474753335 0
1723097670171 1.1847181786345868 0
1723097670172 1.1830752815076904 0
1723097670172 1.1815131730656527 0
1723097670173 1.1798123381428471 0
1723097670174 1.1779243369678116 0
1723097670174 1.176706137115965 0
1723097670175 1.1747292532516707 0
1723097670176 1.1724787464550208 0
1723097670177 1.1710178543515493 0
1723097670177 1.1690363882973593 0
1723097670178 1.1678713164791847 0
1723097670179 1.1667205912027832 0
1723097670180 1.1651952552596354 0
1723097670180 1.1640858119481532 0
1723097670181 1.1625878655389241 0
1723097670182 1.1615230142492825 0
1723097670182 1.1606838963487667 0
1723097670183 1.1595886502886883 0
1723097670184 1.1583304509005412 0
1723097670185 1.1569236513040484 0
1723097670185 1.155679265383162 0
1723097670186 1.15468011618697 0
1723097670187 1.1540384599599172 0
1723097670188 1.1533834592744137 0
1723097670188 1.151761566546605 0
1723097670189 1.1505013091562604 0
1723097670190 1.1493249932062368 0
1723097670190 1.1486215155862964 0
1723097670191 1.1475628318385278 0
1723097670192 1.146410851820995 0
1723097670192 1.1452488052993872 0
1723097670193 1.144255852784903 0
1723097670194 1.1435070512761918 0
1723097670195 1.1425339171317581 0
1723097670195 1.141779936633294 0
1723097670196 1.140595581326727 0
1723097670197 1.1397242663831382 0
1723097670198 1.138947668665667 0
1723097670198 1.1384476488247892 0
1723097670199 1.1380189234301794 0
1723097670200 1.1371370834264696 0
