1723098580261 1.890065239576239 0
1723098580262 1.8796556159982039 0
1723098580263 1.8693235984777645 0
1723098580264 1.8590282093036974 0
1723098580265 1.849080625620753 0
1723098580266 1.839791621554398 0
1723098580267 1.8304948387674804 0
1723098580268 1.8211025277309691 0
1723098580270 1.8121936274290427 0
1723098580271 1.8022841621468935 0
1723098580272 1.7932629948544485 0
1723098580273 1.7843846372405385 0
1723098580274 1.775711040436515 0
1723098580275 1.7680503162514656 0
1723098580276 1.7598703801263256 0
1723098580277 1.7517424424949513 0
1723098580279 1.7430142978187109 0
1723098580280 1.7351529815493174 0
1723098580281 1.7266516831216885 0
1723098580282 1.7187126851528427 0
1723098580283 1.7106118047016445 0
1723098580284 1.7026578452273846 0
1723098580285 1.6950895904187544 0
1723098580286 1.6875503524340731 0
1723098580288 1.6801603174267024 0
1723098580288 1.6727034673983499 0
1723098580289 1.665396013509509 0
1723098580290 1.6583601707258842 0
1723098580291 1.6511857161439947 0
1723098580292 1.6443634119077974 0
1723098580292 1.637829371521214 0
1723098580293 1.6312046739148731 0
1723098580294 1.6246575672511065 0
1723098580294 1.6184175620551347 0
1723098580295 1.6119031029169495 0
1723098580296 1.6057163157731145 0
1723098580297 1.599538469547807 0
1723098580297 1.5934657273014925 0
1723098580298 1.5876911854340834 0
1723098580299 1.5817393805390954 0
1723098580299 1.575977147676056 0
1723098580300 1.570338130509484 0
1723098580301 1.5649163073188428 0
1723098580301 1.5595427345639927 0
1723098580302 1.554020598558477 0
1723098580303 1.5486840093555512 0
1723098580304 1.5439818036718822 0
1723098580304 1.5392271702422045 0
1723098580305 1.534083027064445 0
1723098580306 1.5291601332753368 0
1723098580306 1.524396642676287 0
1723098580307 1.519802008252085 0
1723098580308 1.5151540098631981 0
1723098580309 1.5106231383114515 0
1723098580309 1.5061086725559403 0
1723098580310 1.5015499498003764 0
1723098580311 1.497203631028651 0
1723098580311 1.4930126960481678 0
1723098580312 1.48871413307729 0
1723098580313 1.4845464471941712 0
1723098580314 1.4806712818577012 0
1723098580314 1.4769260823213546 0
1723098580315 1.473453468838711 0
1723098580316 1.4696138745611198 0
1723098580316 1.4659866484572197 0
1723098580317 1.462234844111731 0
1723098580318 1.4584634630138194 0
1723098580319 1.4548567701297064 0
1723098580319 1.4512059389109009 0
1723098580320 1.4477619740589478 0
1723098580321 1.4443390786711383 0
1723098580321 1.4409049371658342 0
1723098580322 1.437628217427159 0
1723098580323 1.4343174630444044 0
1723098580323 1.4312413194546747 0
1723098580324 1.4280191747059363 0
1723098580325 1.4248464114186032 0
1723098580326 1.4217868505307392 0
1723098580326 1.4186563004796895 0
1723098580327 1.4156307963172363 0
1723098580328 1.4126385424002716 0
1723098580328 1.409636764171738 0
1723098580329 1.4068544557263039 0
1723098580330 1.4040325490105725 0
1723098580331 1.4011825222098366 0
1723098580332 1.3984181699908032 0
1723098580332 1.3956568241507716 0
1723098580333 1.3931114483471925 0
1723098580334 1.3905035129094327 0
1723098580334 1.3879030268249726 0
1723098580335 1.385305606621545 0
1723098580336 1.3827764598271863 0
1723098580337 1.3802470565195342 0
1723098580337 1.377860145799877 0
1723098580338 1.3755168972787553 0
1723098580339 1.3731694013231572 0
1723098580340 1.370883365229857 0
1723098580340 1.368635839974915 0
1723098580341 1.366369107500595 0
1723098580342 1.3641927306711787 0
