1723098643117 1.8557471448015284 0
1723098643118 1.8100972266962112 0
1723098643119 1.771324001421243 0
1723098643120 1.7361341104885792 0
1723098643120 1.7020752952575313 0
1723098643121 1.6736982504725912 0
1723098643122 1.6438620896329081 0
1723098643123 1.6188233824078666 0
1723098643124 1.5936058766296581 0
1723098643124 1.5728447452755736 0
1723098643125 1.5518795653915782 0
1723098643126 1.533882319169561 0
1723098643127 1.5163047029572128 0
1723098643127 1.5021055843595343 0
1723098643128 1.4872211466013299 0
1723098643129 1.472459212661483 0
1723098643130 1.4594205581334503 0
1723098643131 1.4458380666397255 0
1723098643131 1.4341423671224731 0
1723098643132 1.4230983586188102 0
1723098643133 1.412627919506082 0
1723098643134 1.4031540815278747 0
1723098643134 1.393891715851989 0
1723098643135 1.3857733624663489 0
1723098643136 1.377788067262768 0
1723098643137 1.3712591415647888 0
1723098643137 1.3628532893527148 0
1723098643138 1.3562636464249318 0
1723098643139 1.3498394115101489 0
1723098643140 1.3445408936166692 0
1723098643140 1.33829263625125 0
1723098643141 1.3325705459021433 0
1723098643142 1.3275430419853962 0
1723098643143 1.3222994299577218 0
1723098643143 1.31762142810185 0
1723098643144 1.3132452390607332 0
1723098643145 1.3092385074330557 0
1723098643146 1.3053466568866277 0
1723098643146 1.3008180667906266 0
1723098643147 1.2973412909816655 0
1723098643148 1.2932274623260762 0
1723098643148 1.2897530705299742 0
1723098643149 1.2869964670989922 0
1723098643150 1.283506675508685 0
1723098643151 1.2805353117948743 0
1723098643152 1.2775630767647164 0
1723098643152 1.2750635333147757 0
1723098643153 1.2726482222590483 0
1723098643154 1.2699666570940156 0
1723098643154 1.2676680228594643 0
1723098643155 1.2655867182060012 0
1723098643156 1.262776604653634 0
1723098643157 1.2607772823670573 0
1723098643158 1.2588478682293833 0
1723098643158 1.2569476237307735 0
1723098643159 1.2549548001306057 0
1723098643160 1.2532562564839678 0
1723098643160 1.2513933846436178 0
1723098643161 1.249431577257982 0
1723098643162 1.2478441122445583 0
1723098643163 1.246368798744036 0
1723098643163 1.2443784068469037 0
1723098643164 1.2425279505989475 0
1723098643165 1.2412741073499372 0
1723098643166 1.2394452155837106 0
1723098643167 1.2379031419345328 0
1723098643167 1.2362276699025094 0
1723098643168 1.2347195221993708 0
1723098643169 1.2335563317541125 0
1723098643170 1.2324094796701557 0
1723098643170 1.230952229443064 0
1723098643171 1.2298076429309062 0
1723098643172 1.2278544236561353 0
1723098643173 1.226378734251712 0
1723098643173 1.224981887553637 0
1723098643174 1.2234253135776259 0
1723098643175 1.2221485430293948 0
1723098643176 1.2212312857781695 0
1723098643176 1.2203284136623467 0
1723098643177 1.2196014217173348 0
1723098643178 1.2187954172800484 0
1723098643179 1.2173181554746997 0
1723098643179 1.2164422690102488 0
1723098643180 1.2154849571308541 0
1723098643181 1.2143082460488257 0
1723098643182 1.213183044525778 0
1723098643182 1.2121800566994443 0
1723098643183 1.2112007088649892 0
1723098643184 1.2099913415447388 0
1723098643185 1.2088157911152357 0
1723098643185 1.2077217709102048 0
1723098643186 1.2068425816936743 0
1723098643187 1.2058456905858448 0
1723098643188 1.204470791227293 0
1723098643188 1.203957474344296 0
1723098643189 1.2031160731266723 0
1723098643190 1.202240897545206 0
1723098643191 1.2010312535630618 0
1723098643191 1.200171925478886 0
1723098643192 1.1994035276723691 0
