1723097894627 1.890124070806976 0
1723097894628 1.8791030232136692 0
1723097894629 1.867935350547259 0
1723097894630 1.8579523583538629 0
1723097894630 1.8480290723612338 0
1723097894631 1.8381939040338808 0
1723097894632 1.8284933666250034 0
1723097894633 1.8190804202620814 0
1723097894634 1.8098063389954304 0
1723097894634 1.8006412167042176 0
1723097894635 1.7918621827386718 0
1723097894636 1.7823547137052773 0
1723097894637 1.7737227704763792 0
1723097894638 1.765182183890689 0
1723097894639 1.7568980622248658 0
1723097894640 1.7486916489228779 0
1723097894641 1.740070887463733 0
1723097894642 1.7314066779452653 0
1723097894643 1.7229148861962151 0
1723097894644 1.7153825448181512 0
1723097894645 1.707157570833523 0
1723097894645 1.6991223494139975 0
1723097894646 1.691273332211928 0
1723097894647 1.68357533764813 0
1723097894648 1.6760920577848917 0
1723097894648 1.6687867767657791 0
1723097894649 1.662296785050952 0
1723097894650 1.6551786740141494 0
1723097894651 1.64831798424426 0
1723097894651 1.6419427995587115 0
1723097894652 1.6349883860539869 0
1723097894653 1.628402565558299 0
1723097894654 1.6220287470411188 0
1723097894654 1.6155467759346533 0
1723097894655 1.6091074154605203 0
1723097894656 1.6028410712273378 0
1723097894657 1.5968788554096822 0
1723097894657 1.5907919960949104 0
1723097894658 1.5849163280064817 0
1723097894659 1.5791129738980576 0
1723097894660 1.573392353590549 0
1723097894660 1.5677243738650848 0
1723097894661 1.5621207645985298 0
1723097894662 1.5567839868915394 0
1723097894663 1.55143013707361 0
1723097894663 1.5461839027564985 0
1723097894664 1.5409905521764018 0
1723097894665 1.5360870674340956 0
1723097894666 1.5314410751206133 0
1723097894666 1.526451395900913 0
1723097894667 1.521618780670498 0
1723097894668 1.5169404311069163 0
1723097894669 1.512227678134891 0
1723097894669 1.5076812739691108 0
1723097894670 1.5031365948354234 0
1723097894671 1.4988022836342187 0
1723097894672 1.4944812723608112 0
1723097894672 1.4901562288335564 0
1723097894673 1.4859184398374983 0
1723097894674 1.481819862871603 0
1723097894675 1.4777799475133229 0
1723097894675 1.4741220411981344 0
1723097894676 1.4701625053267404 0
1723097894677 1.4664362940877607 0
1723097894678 1.4626716606682846 0
1723097894678 1.4589208511159832 0
1723097894679 1.4552729846831025 0
1723097894680 1.451704842942041 0
1723097894681 1.4481728249806756 0
1723097894681 1.4446529261560788 0
1723097894682 1.4411776472362063 0
1723097894683 1.4377982934387217 0
1723097894684 1.4344517752531507 0
1723097894684 1.4311327265358424 0
1723097894685 1.4278849899321102 0
1723097894686 1.4247082409733893 0
1723097894687 1.421544738183856 0
1723097894687 1.4184521105623777 0
1723097894688 1.4153994704609967 0
1723097894689 1.41246926035061 0
1723097894690 1.4097367338588842 0
1723097894691 1.4068916380412784 0
1723097894691 1.404048538500947 0
1723097894692 1.4012082118961733 0
1723097894693 1.3985823032469185 0
1723097894694 1.3958180081348859 0
1723097894694 1.3931367131104182 0
1723097894695 1.390464639022233 0
1723097894696 1.3878183174335348 0
1723097894697 1.3853541134066416 0
1723097894698 1.3828634287817114 0
1723097894698 1.3804253326280973 0
1723097894699 1.37797220898364 0
1723097894700 1.3755685080507822 0
1723097894701 1.3731515614435612 0
1723097894701 1.3708305971661523 0
1723097894702 1.3684955682372617 0
1723097894703 1.3662134902813767 0
1723097894704 1.3639258563361245 0
1723097894704 1.361722830266077 0
