1723097897627 1.8904358942388237 0
1723097897627 1.8799722042334215 0
1723097897628 1.8697161107532838 0
1723097897629 1.8597365719094145 0
1723097897630 1.8499186298386199 0
1723097897631 1.8396439192783773 0
1723097897631 1.8298871886189756 0
1723097897632 1.8204508692674228 0
1723097897633 1.8108028269400185 0
1723097897634 1.802072938120621 0
1723097897634 1.7931888299144734 0
1723097897635 1.7852716226648222 0
1723097897636 1.7766801049892194 0
1723097897636 1.7681773688244367 0
1723097897637 1.7599488790054105 0
1723097897638 1.7517226060979971 0
1723097897639 1.74368281056914 0
1723097897639 1.7357918116164723 0
1723097897640 1.7274873487688704 0
1723097897641 1.7193675196480596 0
1723097897641 1.7118784540520817 0
1723097897642 1.7043842372374294 0
1723097897643 1.6967013632416859 0
1723097897644 1.6891258199853036 0
1723097897644 1.681459435136678 0
1723097897645 1.6738557499243059 0
1723097897646 1.6665700943545085 0
1723097897646 1.6599687611626563 0
1723097897647 1.6533186882342092 0
1723097897648 1.6462526973550227 0
1723097897649 1.6395651312322757 0
1723097897649 1.6328739680564888 0
1723097897650 1.6262272018515695 0
1723097897651 1.619602206791159 0
1723097897651 1.6139318147759596 0
1723097897652 1.6075998191511898 0
1723097897653 1.6013415149702654 0
1723097897654 1.5952640577570745 0
1723097897654 1.5893032282415473 0
1723097897655 1.5834044252282333 0
1723097897656 1.5776435122369492 0
1723097897656 1.571883863506001 0
1723097897657 1.5662506608982256 0
1723097897658 1.5607357958393397 0
1723097897659 1.5552743160156965 0
1723097897659 1.5499804339568708 0
1723097897660 1.5448132921488262 0
1723097897661 1.5396296027465735 0
1723097897661 1.5347324557854474 0
1723097897662 1.5297429355146 0
1723097897663 1.524905009448126 0
1723097897664 1.5201858214806943 0
1723097897664 1.515520940127285 0
1723097897665 1.5108182344333947 0
1723097897666 1.5062717121255182 0
1723097897666 1.501698882063871 0
1723097897667 1.4973937310334973 0
1723097897668 1.4930904762041608 0
1723097897669 1.4888117806512995 0
1723097897669 1.484606517034239 0
1723097897670 1.480418845648355 0
1723097897671 1.4763484656459747 0
1723097897671 1.4725304885903887 0
1723097897672 1.468722584635602 0
1723097897673 1.465014176939797 0
1723097897674 1.4614981166582035 0
1723097897674 1.457784548316908 0
1723097897675 1.4541643954270946 0
1723097897676 1.4505544355509654 0
1723097897676 1.4470049854840656 0
1723097897677 1.4436456298977258 0
1723097897678 1.4402265824862577 0
1723097897679 1.437074138006917 0
1723097897679 1.4341056234549938 0
1723097897680 1.4308642305511272 0
1723097897681 1.4276053325181597 0
1723097897681 1.4244939352574435 0
1723097897682 1.4214623583485655 0
1723097897683 1.4188153341196672 0
1723097897684 1.415798022536839 0
1723097897684 1.4128274317480602 0
1723097897685 1.4099337096106248 0
1723097897686 1.407085150518096 0
1723097897686 1.4042658056885402 0
1723097897687 1.4014069294004246 0
1723097897688 1.398686525876177 0
1723097897689 1.3960242842373034 0
1723097897689 1.3935541251950792 0
1723097897690 1.3908625879033394 0
1723097897691 1.3882420839899625 0
1723097897691 1.3856814395442252 0
1723097897692 1.383187085739923 0
1723097897693 1.3806134276878999 0
1723097897693 1.3780992225151008 0
1723097897694 1.3756820231772644 0
1723097897695 1.3733717935795313 0
1723097897696 1.3710918630368278 0
1723097897696 1.3688275516867006 0
1723097897697 1.366617453400756 0
1723097897698 1.3644438959231948 0
