1723097647953 1.8917284720637277 0
1723097647954 1.8817835419361777 0
1723097647955 1.8737249822541322 0
1723097647957 1.8646769043643383 0
1723097647958 1.856939911882317 0
1723097647959 1.848201863679188 0
1723097647960 1.8396762521672045 0
1723097647962 1.830960543944819 0
1723097647963 1.8226947280033485 0
1723097647964 1.8145919093677163 0
1723097647965 1.8060372832394749 0
1723097647966 1.7982727541387498 0
1723097647967 1.790036136610108 0
1723097647968 1.7825206736321404 0
1723097647969 1.7746759635816178 0
1723097647969 1.76739962769777 0
1723097647970 1.7602845846004542 0
1723097647971 1.7535444111512635 0
1723097647972 1.7469375049104632 0
1723097647972 1.7397224647846545 0
1723097647973 1.7326817365510045 0
1723097647974 1.7264193378167954 0
1723097647974 1.7194938282946435 0
1723097647975 1.7128457128482177 0
1723097647976 1.706139252755532 0
1723097647977 1.700095068252215 0
1723097647977 1.693690816873298 0
1723097647978 1.6873448869450336 0
1723097647979 1.681123113708997 0
1723097647979 1.6756892112282251 0
1723097647980 1.6697782512863169 0
1723097647981 1.6638241284800335 0
1723097647982 1.658469227069182 0
1723097647982 1.6527567173906372 0
1723097647983 1.6469001593646562 0
1723097647984 1.6413865630001458 0
1723097647985 1.6363747261583503 0
1723097647985 1.6310668858068624 0
1723097647986 1.6255891071491146 0
1723097647987 1.6207738830501002 0
1723097647988 1.6154981034869664 0
1723097647988 1.6105198284408784 0
1723097647989 1.6056526080956623 0
1723097647990 1.600658943785907 0
1723097647991 1.5957293433934283 0
1723097647991 1.591068327844493 0
1723097647992 1.5868747635390037 0
1723097647993 1.5821688659685218 0
1723097647994 1.5779649802886173 0
1723097647994 1.5734292541413881 0
1723097647995 1.5693408575887238 0
1723097647996 1.5649492226006496 0
1723097647997 1.5607940505727407 0
1723097647997 1.5566539849411989 0
1723097647998 1.5526180738893165 0
1723097647999 1.5487303161682848 0
1723097647999 1.5450174876763247 0
1723097648000 1.5410411767800811 0
1723097648001 1.53716147598318 0
1723097648002 1.5339590999597212 0
1723097648002 1.5303254399861423 0
1723097648003 1.5268694131319305 0
1723097648004 1.5233465724647788 0
1723097648005 1.5197276916100313 0
1723097648005 1.5162351806717007 0
1723097648006 1.5127520350735766 0
1723097648007 1.5098600315270734 0
1723097648007 1.5064111196225698 0
1723097648008 1.5030944511326687 0
1723097648009 1.5000260439247797 0
1723097648010 1.4968514750152546 0
1723097648010 1.4934922280980967 0
1723097648011 1.4903756684928748 0
1723097648012 1.4872924722156793 0
1723097648013 1.4844505145631697 0
1723097648013 1.4815793275913833 0
1723097648014 1.4785639288334014 0
1723097648015 1.4756291747102641 0
1723097648015 1.4728882465278281 0
1723097648016 1.4701939405902267 0
1723097648017 1.467360222457574 0
1723097648018 1.464658186525015 0
1723097648018 1.4619092473348498 0
1723097648019 1.459268034669958 0
1723097648020 1.4566496138166296 0
1723097648020 1.4541576578748217 0
1723097648021 1.4514691193063924 0
1723097648022 1.4491885268986793 0
1723097648023 1.4468580820646404 0
1723097648023 1.4445317167587124 0
1723097648024 1.4420995840018176 0
1723097648025 1.4399987643004428 0
1723097648026 1.4377653747895123 0
1723097648026 1.4354664187405795 0
1723097648027 1.4332041138084826 0
1723097648028 1.4310653664036723 0
1723097648028 1.4290290968960502 0
1723097648029 1.4268974589019903 0
1723097648030 1.4248561708041607 0
1723097648030 1.4227745508687226 0
