1723098592468 1.8558785433419933 0
1723098592469 1.807203973243707 0
1723098592470 1.763233634305799 0
1723098592470 1.72011395665251 0
1723098592471 1.679872389754488 0
1723098592472 1.6434847000381583 0
1723098592473 1.6096445821916234 0
1723098592474 1.5828169084666825 0
1723098592475 1.5544304444691643 0
1723098592475 1.5302655139135013 0
1723098592476 1.50860736292679 0
1723098592477 1.4857449020314952 0
1723098592478 1.4652321128385324 0
1723098592479 1.4482927502616971 0
1723098592480 1.430879447669348 0
1723098592480 1.4146808012757954 0
1723098592481 1.3999315080199024 0
1723098592482 1.3863786933800348 0
1723098592483 1.3736071037446402 0
1723098592483 1.3621172429264907 0
1723098592484 1.3514813378205321 0
1723098592485 1.3411518850785236 0
1723098592486 1.3321688288363709 0
1723098592486 1.3236230600062584 0
1723098592487 1.3154669176423668 0
1723098592488 1.3082620521447075 0
1723098592489 1.3010259837773368 0
1723098592489 1.2941532328543905 0
1723098592490 1.2882494989654354 0
1723098592491 1.2823917905060063 0
1723098592492 1.277007501307171 0
1723098592492 1.2712214960880712 0
1723098592493 1.2660557637175518 0
1723098592494 1.2616138869096563 0
1723098592495 1.256680018173903 0
1723098592495 1.2528737502128642 0
1723098592496 1.24841592368322 0
1723098592497 1.2445553351316712 0
1723098592498 1.2410536032778372 0
1723098592499 1.2377969219525777 0
1723098592499 1.2343623476449122 0
1723098592500 1.2311875712850002 0
1723098592501 1.2271406363257522 0
1723098592502 1.2237754123376514 0
1723098592502 1.2205389659720451 0
1723098592503 1.2174895935737142 0
1723098592504 1.2146723335775984 0
1723098592504 1.2124327821429517 0
1723098592505 1.2093517251067751 0
1723098592506 1.206387388512185 0
1723098592507 1.203680180626254 0
1723098592508 1.2017960896007764 0
1723098592508 1.199995552579946 0
1723098592509 1.1976370013202509 0
1723098592510 1.1955106915674756 0
1723098592511 1.1932220125487027 0
1723098592511 1.1911889410323184 0
1723098592512 1.189138775368258 0
1723098592513 1.187247324583621 0
1723098592514 1.1856269164308586 0
1723098592514 1.184149420731656 0
1723098592515 1.1824003970866555 0
1723098592516 1.1809201007787515 0
1723098592517 1.1794029783259428 0
1723098592517 1.178001677834018 0
1723098592518 1.1760515404423801 0
1723098592519 1.17490785917269 0
1723098592520 1.1731974373156615 0
1723098592520 1.1718788574874528 0
1723098592521 1.1709188444581502 0
1723098592522 1.1692739780998085 0
1723098592523 1.1680543159116281 0
1723098592523 1.1670611156054762 0
1723098592524 1.1660065272163138 0
1723098592525 1.1642637183631666 0
1723098592526 1.162845651199137 0
1723098592527 1.1619597447385617 0
1723098592527 1.161122476009787 0
1723098592528 1.1602058460078863 0
1723098592529 1.159319542930041 0
1723098592530 1.1579177142918948 0
1723098592530 1.1571236731149552 0
1723098592531 1.1563618987224547 0
1723098592532 1.1554128006043682 0
1723098592533 1.1540201463270983 0
1723098592533 1.1527086005732041 0
1723098592534 1.1517415529067396 0
1723098592535 1.1509876057188415 0
1723098592536 1.1493759158471077 0
1723098592536 1.1488298038355438 0
1723098592537 1.1477029252343522 0
1723098592538 1.1470663874993863 0
1723098592539 1.1460833636685626 0
1723098592539 1.1447226674577622 0
1723098592540 1.1443291754453266 0
1723098592541 1.1438450493873562 0
1723098592542 1.1436202690478305 0
1723098592543 1.14220277113507 0
1723098592543 1.1410776174991397 0
1723098592544 1.1407458007375897 0
