1723098637311 1.8901112578477945 0
1723098637312 1.8796225580206676 0
1723098637313 1.8693233853608013 0
1723098637314 1.8591068567379034 0
1723098637315 1.8492042850162405 0
1723098637316 1.8393640620125409 0
1723098637316 1.8301519612181496 0
1723098637317 1.8207064680547573 0
1723098637318 1.8114063890861798 0
1723098637319 1.802320751756151 0
1723098637319 1.7934412379919347 0
1723098637320 1.7845875827528197 0
1723098637321 1.7759024410353241 0
1723098637321 1.7668774837713423 0
1723098637322 1.758392549781488 0
1723098637323 1.7503026532087025 0
1723098637323 1.7423544848136236 0
1723098637324 1.7337883539942658 0
1723098637325 1.7252561489173763 0
1723098637325 1.7169102128892835 0
1723098637326 1.708701029734762 0
1723098637327 1.7008623673663512 0
1723098637328 1.6929376495455735 0
1723098637328 1.6861416190618752 0
1723098637329 1.6786883595862692 0
1723098637330 1.6713276161861075 0
1723098637331 1.6639314308249904 0
1723098637331 1.657292634782792 0
1723098637332 1.6502813504899494 0
1723098637333 1.6433316269694906 0
1723098637334 1.6363371825084465 0
1723098637334 1.6296725932831284 0
1723098637335 1.6232751009793247 0
1723098637336 1.6168430728430339 0
1723098637337 1.610359903425032 0
1723098637337 1.6041848859594863 0
1723098637338 1.5980270613013103 0
1723098637339 1.5918884430367604 0
1723098637340 1.5859681437496418 0
1723098637340 1.5801042061299577 0
1723098637341 1.5747718893688587 0
1723098637342 1.5703922844947826 0
1723098637343 1.565310964450984 0
1723098637343 1.5604704085107857 0
1723098637344 1.5556055896105294 0
1723098637345 1.5502691335983607 0
1723098637346 1.545083605206698 0
1723098637346 1.5401136217162792 0
1723098637347 1.5350112029842657 0
1723098637348 1.5304327274436356 0
1723098637349 1.5255401006013432 0
1723098637349 1.5207985957771868 0
1723098637350 1.5160869347858126 0
1723098637351 1.511453601959533 0
1723098637352 1.507056234529998 0
1723098637352 1.5025387922468216 0
1723098637353 1.498126881757211 0
1723098637354 1.4936561514904476 0
1723098637354 1.4895577665338213 0
1723098637355 1.485423667414438 0
1723098637356 1.481209253099941 0
1723098637357 1.4770700753722232 0
1723098637357 1.47312334587507 0
1723098637358 1.4693290499333238 0
1723098637359 1.4655121885838378 0
1723098637360 1.4616571985852087 0
1723098637360 1.4578489772405578 0
1723098637361 1.4542070737822377 0
1723098637362 1.450836883937592 0
1723098637363 1.4473058994400625 0
1723098637363 1.4438102530761083 0
1723098637364 1.4404129558725307 0
1723098637365 1.4370004464769448 0
1723098637366 1.4336609798742053 0
1723098637366 1.4304359821315185 0
1723098637367 1.4274760836844362 0
1723098637368 1.424370366216917 0
1723098637369 1.4212167914928162 0
1723098637369 1.4181402927606561 0
1723098637370 1.415292173351453 0
1723098637371 1.4123357390307603 0
1723098637371 1.4093575174281274 0
1723098637372 1.4064505796635423 0
1723098637373 1.4035609468826238 0
1723098637374 1.4007848707338246 0
1723098637374 1.3980210894902352 0
1723098637375 1.3953989235640323 0
1723098637376 1.3927565463510276 0
1723098637376 1.3900731184279613 0
1723098637377 1.3874417586097756 0
1723098637378 1.3849827035598443 0
1723098637379 1.3824170391990533 0
1723098637380 1.3799887025987894 0
1723098637380 1.3775935475641168 0
1723098637381 1.3751956493153281 0
1723098637382 1.3728620906810498 0
1723098637383 1.3705899152485934 0
1723098637384 1.368326189951072 0
1723098637384 1.3661027257957148 0
1723098637385 1.3638357426091732 0
