1723097903451 1.8540678391289755 0
1723097903452 1.820412155016752 0
1723097903453 1.7811894745259578 0
1723097903454 1.746025901887621 0
1723097903454 1.7108904450992204 0
1723097903455 1.6778679972027297 0
1723097903456 1.647463777200896 0
1723097903457 1.6248845289360263 0
1723097903457 1.6010688654670249 0
1723097903458 1.5773719662505405 0
1723097903459 1.5557763799098543 0
1723097903459 1.5346168278150654 0
1723097903460 1.518277161735134 0
1723097903461 1.5010795363796865 0
1723097903462 1.4876615924059344 0
1723097903462 1.4737285953830639 0
1723097903463 1.4606233588178053 0
1723097903464 1.4475432430988313 0
1723097903465 1.4354045941491371 0
1723097903465 1.4247712680945115 0
1723097903466 1.4132650597740481 0
1723097903467 1.4044254688259457 0
1723097903467 1.3949591435158446 0
1723097903468 1.3864997517912734 0
1723097903469 1.378334586073542 0
1723097903470 1.3702884194255345 0
1723097903470 1.3631886825648332 0
1723097903471 1.3571922716521096 0
1723097903472 1.3506573905620067 0
1723097903472 1.3444914111934363 0
1723097903473 1.338304920440309 0
1723097903474 1.3331049715067047 0
1723097903475 1.3275482294378962 0
1723097903475 1.3225136788800265 0
1723097903476 1.3183523984995258 0
1723097903477 1.3139352462612026 0
1723097903477 1.3092010923541244 0
1723097903478 1.305081553902555 0
1723097903479 1.3006498303532052 0
1723097903480 1.2968427285470818 0
1723097903480 1.2931455265646803 0
1723097903481 1.289819829606991 0
1723097903482 1.2865177032239203 0
1723097903482 1.2831821874982836 0
1723097903483 1.2805479254820156 0
1723097903484 1.277822079179859 0
1723097903485 1.2745138235878417 0
1723097903485 1.2719062272405135 0
1723097903486 1.2695114047986997 0
1723097903487 1.2668633794192603 0
1723097903487 1.264473131648442 0
1723097903488 1.2617989862981551 0
1723097903489 1.259665233563698 0
1723097903490 1.2575857662874568 0
1723097903490 1.2554234746088424 0
1723097903491 1.2536687999364675 0
1723097903492 1.2519626995751938 0
1723097903492 1.2505188876355655 0
1723097903493 1.2483365313324646 0
1723097903494 1.246676610266508 0
1723097903495 1.2449685185353105 0
1723097903495 1.2430763699939025 0
1723097903496 1.2417513768177342 0
1723097903497 1.2398937838577817 0
1723097903497 1.2384409665389144 0
1723097903498 1.2369652239335986 0
1723097903499 1.2352056872688884 0
1723097903500 1.2339805970197288 0
1723097903500 1.2325398019008977 0
1723097903501 1.2309251184223706 0
1723097903502 1.2298474865243938 0
1723097903502 1.2282303499208203 0
1723097903503 1.2269968568705316 0
1723097903504 1.2254794633021244 0
1723097903505 1.2245806972073594 0
1723097903505 1.2234704402475602 0
1723097903506 1.222576727234104 0
1723097903507 1.221289137001856 0
1723097903507 1.2204586439821017 0
1723097903508 1.2192382724952333 0
1723097903509 1.2180299426733288 0
1723097903510 1.2168328693143375 0
1723097903510 1.2161993545047443 0
1723097903511 1.215124335722528 0
1723097903512 1.2139843531678411 0
1723097903512 1.2127963924410168 0
1723097903513 1.2119649187930912 0
1723097903514 1.211201343939274 0
1723097903515 1.209658204988731 0
1723097903515 1.2082952444299246 0
1723097903516 1.2073069960939518 0
1723097903517 1.206215326794746 0
1723097903517 1.2055612439922232 0
1723097903518 1.204481138687811 0
1723097903519 1.2035545544748572 0
1723097903519 1.202542904563237 0
1723097903520 1.2020819935701272 0
1723097903521 1.2011251459651906 0
1723097903522 1.2005992907387908 0
1723097903522 1.2000657628109679 0
