1723097891457 1.891262907176397 0
1723097891458 1.882373776399583 0
1723097891459 1.8732954293112483 0
1723097891459 1.8654762166186987 0
1723097891460 1.8577484190593454 0
1723097891461 1.8490315493736968 0
1723097891462 1.8404881453947928 0
1723097891462 1.8331833147423875 0
1723097891463 1.8249168650293168 0
1723097891464 1.8178496065149485 0
1723097891464 1.8098786516114573 0
1723097891465 1.8023618140010333 0
1723097891466 1.7942886686090096 0
1723097891467 1.7860430325198942 0
1723097891467 1.7782760059656677 0
1723097891468 1.7703370921953712 0
1723097891469 1.7632057984293918 0
1723097891469 1.7561750543296366 0
1723097891470 1.7492191589781858 0
1723097891471 1.7418944214891774 0
1723097891471 1.73462808893901 0
1723097891472 1.727638275210501 0
1723097891473 1.7208579361075957 0
1723097891474 1.7139804041799063 0
1723097891474 1.7089585433347698 0
1723097891475 1.7024150845040928 0
1723097891476 1.6965728693805975 0
1723097891476 1.6906218336230026 0
1723097891477 1.6843751468881065 0
1723097891478 1.6786673254839817 0
1723097891479 1.672738736535487 0
1723097891479 1.6671120365244254 0
1723097891480 1.6613173679363984 0
1723097891481 1.6557337441446964 0
1723097891482 1.6502885002439154 0
1723097891483 1.6446274287464397 0
1723097891484 1.639062399621199 0
1723097891484 1.6348807314566234 0
1723097891485 1.6296792399144606 0
1723097891486 1.6245555947996662 0
1723097891487 1.6194274332695808 0
1723097891487 1.6143308499432025 0
1723097891488 1.6092948351282137 0
1723097891489 1.604553553391908 0
1723097891490 1.6000206369132528 0
1723097891490 1.5959179591656198 0
1723097891491 1.5918072004755472 0
1723097891492 1.5874592613196516 0
1723097891493 1.5826881586714603 0
1723097891493 1.5781383783506153 0
1723097891494 1.5741623340697637 0
1723097891495 1.5698876933561376 0
1723097891496 1.5654276410502301 0
1723097891496 1.5610563437852114 0
1723097891497 1.5578692797723623 0
1723097891498 1.5538966204514186 0
1723097891499 1.5500035568991364 0
1723097891500 1.5461828850616297 0
1723097891501 1.5422416867962612 0
1723097891502 1.5388488401033433 0
1723097891502 1.5351915218147463 0
1723097891503 1.5316531664052468 0
1723097891504 1.5279666454419867 0
1723097891505 1.5244383094631837 0
1723097891505 1.5209685138183955 0
1723097891506 1.5176000870641595 0
1723097891507 1.5140200858057205 0
1723097891508 1.51082800334223 0
1723097891508 1.507360346957905 0
1723097891509 1.5041162217473047 0
1723097891510 1.5008291309034165 0
1723097891511 1.4979382547904814 0
1723097891511 1.49489204527179 0
1723097891512 1.4916696660064537 0
1723097891513 1.4885130021433224 0
1723097891514 1.4856891828833425 0
1723097891514 1.4828753809986686 0
1723097891515 1.4798372299344655 0
1723097891516 1.4771094263848592 0
1723097891517 1.4742458640015668 0
1723097891517 1.4714224386222834 0
1723097891518 1.468754003245783 0
1723097891519 1.466088591217607 0
1723097891520 1.4632974935205236 0
1723097891520 1.4605467928486087 0
1723097891521 1.4586285180255814 0
1723097891522 1.4561305599444505 0
1723097891522 1.4536898100361015 0
1723097891523 1.4513980506970714 0
1723097891524 1.4489303008044765 0
1723097891525 1.4465745275604378 0
1723097891525 1.4441291524809738 0
1723097891526 1.4418262300683797 0
1723097891527 1.4392670089906627 0
1723097891527 1.4368797120664418 0
1723097891528 1.4345232384573703 0
1723097891529 1.4324301819527605 0
1723097891530 1.4303361534830543 0
1723097891530 1.428091529629034 0
1723097891531 1.4259097287844396 0
