1723097651802 1.8912397661205946 0
1723097651802 1.8831709774679106 0
1723097651803 1.8744038836900474 0
1723097651804 1.8649656983814717 0
1723097651805 1.8577481163951632 0
1723097651805 1.8490538483673138 0
1723097651806 1.8404505966793032 0
1723097651807 1.8320257821251136 0
1723097651808 1.824846158536039 0
1723097651809 1.816702041572705 0
1723097651810 1.808743034611048 0
1723097651810 1.8022040172409874 0
1723097651811 1.7944725957899168 0
1723097651812 1.7865531414322284 0
1723097651812 1.7789840474452558 0
1723097651813 1.771674970054112 0
1723097651814 1.7638333238709 0
1723097651815 1.7562917113821834 0
1723097651815 1.7493795165642672 0
1723097651816 1.7424434518481973 0
1723097651817 1.7351880642976616 0
1723097651817 1.7289638692289229 0
1723097651818 1.7224511437336356 0
1723097651819 1.7159633967153054 0
1723097651820 1.7096718279325676 0
1723097651820 1.7029789113702314 0
1723097651821 1.6972953953922907 0
1723097651822 1.691341373776864 0
1723097651822 1.685470295776021 0
1723097651823 1.679320282033657 0
1723097651824 1.673317124746809 0
1723097651825 1.6672881003154962 0
1723097651825 1.6618171847457293 0
1723097651826 1.656304652780087 0
1723097651827 1.6512904156558272 0
1723097651827 1.6454695906874406 0
1723097651828 1.640070446193557 0
1723097651829 1.6345774229041559 0
1723097651829 1.629200355345727 0
1723097651830 1.625148887907686 0
1723097651831 1.6199921360282923 0
1723097651832 1.6149596331557592 0
1723097651832 1.6100512829879907 0
1723097651833 1.605264305630835 0
1723097651834 1.6004864867186122 0
1723097651834 1.5963303249119931 0
1723097651835 1.592060024147167 0
1723097651836 1.587181746892214 0
1723097651836 1.582997001807803 0
1723097651837 1.5785992833804288 0
1723097651838 1.574407662013347 0
1723097651839 1.5700055683074419 0
1723097651839 1.5656306617466853 0
1723097651840 1.5615962298733475 0
1723097651841 1.557487001838503 0
1723097651841 1.5534440442639053 0
1723097651842 1.549652184736989 0
1723097651843 1.5455149305018139 0
1723097651844 1.541495144584505 0
1723097651844 1.5378877187341113 0
1723097651845 1.5343542126219636 0
1723097651846 1.5304849306597683 0
1723097651846 1.5268324272703289 0
1723097651847 1.5232144920182753 0
1723097651848 1.5197384438473924 0
1723097651848 1.5163799126276682 0
1723097651849 1.5128974015395544 0
1723097651850 1.5099469850975837 0
1723097651851 1.5071445042889087 0
1723097651851 1.5038427322031216 0
1723097651852 1.5006611149703017 0
1723097651853 1.4972158123030268 0
1723097651853 1.494074574854088 0
1723097651854 1.4909416730179046 0
1723097651855 1.4876572826238237 0
1723097651856 1.4848445304434919 0
1723097651856 1.482194011058404 0
1723097651857 1.4790901994237649 0
1723097651858 1.4762419360212145 0
1723097651858 1.47349333895217 0
1723097651859 1.4706522002784614 0
1723097651860 1.46794685312615 0
1723097651860 1.4650137404782886 0
1723097651861 1.4625166107225314 0
1723097651862 1.4599348509666525 0
1723097651863 1.4576003395009818 0
1723097651863 1.4550758569468636 0
1723097651864 1.452475970641384 0
1723097651865 1.4498561975209427 0
1723097651865 1.4477232814133563 0
1723097651866 1.4451532933661653 0
1723097651867 1.44267804408781 0
1723097651868 1.4402827677960373 0
1723097651868 1.437758408147797 0
1723097651869 1.435570118339778 0
1723097651870 1.4331740739339118 0
1723097651870 1.4307962336644289 0
1723097651871 1.4285612793804745 0
1723097651872 1.4264395317307632 0
1723097651873 1.4245107983885466 0
