1723097661099 1.8541812186737359 0
1723097661099 1.8095270427044579 0
1723097661100 1.7707198160901354 0
1723097661101 1.7351937857439812 0
1723097661102 1.7002498300627467 0
1723097661102 1.6690515762949047 0
1723097661103 1.6422920748025078 0
1723097661104 1.6150097815021258 0
1723097661104 1.5906239696434599 0
1723097661105 1.5672231473591476 0
1723097661106 1.5461777995854604 0
1723097661106 1.5278781251369344 0
1723097661107 1.5097749084642345 0
1723097661108 1.4940737053742088 0
1723097661108 1.4789940152068197 0
1723097661109 1.4647304749405126 0
1723097661110 1.4508945832172915 0
1723097661110 1.4391280505066828 0
1723097661111 1.427364822741349 0
1723097661112 1.4168835125620967 0
1723097661112 1.4068760417194872 0
1723097661113 1.398153360397705 0
1723097661114 1.388906331311819 0
1723097661114 1.3804478366942678 0
1723097661115 1.372284001798975 0
1723097661116 1.3651844803178943 0
1723097661117 1.358107305850247 0
1723097661117 1.3515874104454098 0
1723097661118 1.345412690170715 0
1723097661119 1.3395009671820113 0
1723097661119 1.3338103886560533 0
1723097661120 1.3287410113034939 0
1723097661121 1.323626319066824 0
1723097661121 1.319141730685854 0
1723097661122 1.3146584352401351 0
1723097661123 1.3106602595265566 0
1723097661123 1.306308628683786 0
1723097661124 1.3022299348898512 0
1723097661125 1.2988044547148891 0
1723097661125 1.2952644938478568 0
1723097661126 1.2915053538223815 0
1723097661127 1.287368012018516 0
1723097661127 1.2845848318173456 0
1723097661128 1.2817279621219073 0
1723097661128 1.2788540558924892 0
1723097661129 1.2760387300467158 0
1723097661130 1.2736901916637193 0
1723097661130 1.2710579089205902 0
1723097661131 1.2681901409433873 0
1723097661132 1.2660994573551676 0
1723097661132 1.2632483630473916 0
1723097661133 1.2607964296067748 0
1723097661134 1.2588144715067944 0
1723097661134 1.256574012310783 0
1723097661135 1.2549724872104577 0
1723097661136 1.2527878277897553 0
1723097661136 1.2507368969250725 0
1723097661137 1.2489153282934782 0
1723097661138 1.246857472835532 0
1723097661138 1.2451570482403755 0
1723097661139 1.2434294899269658 0
1723097661140 1.2415256678562352 0
1723097661140 1.240230130960912 0
1723097661141 1.238864816535938 0
1723097661142 1.2374262536363698 0
1723097661142 1.2361078880489986 0
1723097661143 1.2344113670717318 0
1723097661144 1.232798177472941 0
1723097661144 1.2311325213572337 0
1723097661145 1.2301204568605473 0
1723097661146 1.228619618856467 0
1723097661146 1.2272261295604556 0
1723097661147 1.2258396659058974 0
1723097661148 1.2249606856510797 0
1723097661148 1.2236618030553346 0
1723097661149 1.2226666093083944 0
1723097661150 1.221212492585417 0
1723097661150 1.2199213406925138 0
1723097661151 1.2186379020299614 0
1723097661152 1.21748966485556 0
1723097661152 1.216304246490711 0
1723097661153 1.2152139621673756 0
1723097661154 1.213662228864234 0
1723097661154 1.2124646802319832 0
1723097661155 1.2116325869508975 0
1723097661156 1.2103909017730234 0
1723097661156 1.2095626636722463 0
1723097661157 1.2081522360893855 0
1723097661158 1.2072385662208514 0
1723097661158 1.20650038709802 0
1723097661159 1.2055047875851927 0
1723097661160 1.2049374708452967 0
1723097661160 1.2039741956510441 0
1723097661161 1.2030422205176907 0
1723097661162 1.2023937674567593 0
1723097661162 1.2015073501825722 0
1723097661163 1.2004195415740369 0
1723097661164 1.1996931699626388 0
1723097661164 1.1987296706572999 0
1723097661165 1.19753029002631 0
