1723098627258 1.892496994655801 0
1723098627258 1.8831141908257256 0
1723098627259 1.873468257359502 0
1723098627260 1.864448692891244 0
1723098627261 1.8556401671602276 0
1723098627262 1.8469273155653299 0
1723098627262 1.8383878497171708 0
1723098627263 1.8300407370337377 0
1723098627264 1.821834908442928 0
1723098627265 1.8147613265784175 0
1723098627265 1.806865899600473 0
1723098627266 1.7991407435259588 0
1723098627267 1.7914951365913923 0
1723098627267 1.7835393066998995 0
1723098627268 1.7761693671342786 0
1723098627269 1.7682658525697144 0
1723098627270 1.7605196179449845 0
1723098627270 1.753535810687068 0
1723098627271 1.7464232387621976 0
1723098627272 1.739304350089108 0
1723098627272 1.7321077296914178 0
1723098627273 1.7255895863679014 0
1723098627274 1.7190208121339015 0
1723098627275 1.712728159289759 0
1723098627275 1.7060140107276554 0
1723098627276 1.6994334737219379 0
1723098627277 1.6937641415658837 0
1723098627277 1.6879001613485254 0
1723098627278 1.6817382930975067 0
1723098627279 1.6755943222082266 0
1723098627279 1.670008863937085 0
1723098627280 1.66408189457943 0
1723098627281 1.6583683837237966 0
1723098627282 1.652661351450336 0
1723098627282 1.6474070197228303 0
1723098627283 1.6416250001587847 0
1723098627284 1.6365269781351315 0
1723098627284 1.6309294795422196 0
1723098627285 1.6256354488194258 0
1723098627286 1.62043478818355 0
1723098627286 1.6161358593103867 0
1723098627287 1.6109048614445136 0
1723098627288 1.6059781481979092 0
1723098627289 1.6014111202105126 0
1723098627289 1.5965442877239227 0
1723098627290 1.5917224318247134 0
1723098627291 1.5870816428773384 0
1723098627291 1.5823618355558444 0
1723098627292 1.578126202456166 0
1723098627293 1.5735568111088714 0
1723098627294 1.5692359722901417 0
1723098627294 1.5648335222664966 0
1723098627295 1.5608434002130183 0
1723098627296 1.5565798596851665 0
1723098627296 1.552447225731269 0
1723098627297 1.5484732211795371 0
1723098627298 1.5444398358871845 0
1723098627298 1.540489724308804 0
1723098627299 1.5372396247974083 0
1723098627300 1.5334282890356778 0
1723098627300 1.5297209253367516 0
1723098627301 1.5260575957913722 0
1723098627302 1.522623031597585 0
1723098627303 1.5190797246443837 0
1723098627303 1.5160974722230567 0
1723098627304 1.5127469878696895 0
1723098627305 1.5095213389659057 0
1723098627305 1.5061845958616267 0
1723098627306 1.5028438799014898 0
1723098627307 1.4995194179510412 0
1723098627307 1.4962939180615529 0
1723098627308 1.4933094606707031 0
1723098627309 1.4901989530541697 0
1723098627310 1.4870656508186766 0
1723098627310 1.483857530167459 0
1723098627311 1.4810578977214068 0
1723098627312 1.4782534608672242 0
1723098627312 1.4753335862436237 0
1723098627313 1.4726606302964518 0
1723098627314 1.4700647499703206 0
1723098627315 1.4674765792183875 0
1723098627315 1.4646840823790652 0
1723098627316 1.4619673201916932 0
1723098627317 1.4594538530392276 0
1723098627317 1.4568432725030689 0
1723098627318 1.4543932251493947 0
1723098627319 1.4522093026685274 0
1723098627320 1.4496841716302857 0
1723098627320 1.4473815559009122 0
1723098627321 1.4448154210067137 0
1723098627322 1.4427119913375268 0
1723098627322 1.4403173105137144 0
1723098627323 1.4381074729655055 0
1723098627324 1.4357997627870223 0
1723098627325 1.4333351514609516 0
1723098627325 1.431068220850728 0
1723098627326 1.4289379952649721 0
1723098627327 1.4267108014605403 0
1723098627328 1.4245160000411854 0
1723098627328 1.4225475768468852 0
