1723098586133 1.8523634272748504 0
1723098586134 1.8094999830243839 0
1723098586135 1.7704996880502042 0
1723098586135 1.7391591293235815 0
1723098586136 1.7104645013075486 0
1723098586137 1.6800810850456234 0
1723098586138 1.6507649595328617 0
1723098586139 1.6232488390665378 0
1723098586139 1.598545445264329 0
1723098586140 1.5748494845062087 0
1723098586141 1.553662627561358 0
1723098586141 1.5337911024824422 0
1723098586142 1.515451385487044 0
1723098586143 1.4992039425737167 0
1723098586143 1.4838452126236592 0
1723098586144 1.4697132037762228 0
1723098586145 1.4564444872427589 0
1723098586146 1.443761909669449 0
1723098586146 1.4325617956528807 0
1723098586147 1.4211995044751284 0
1723098586148 1.4118535391863203 0
1723098586148 1.4023606940007884 0
1723098586149 1.394201261548938 0
1723098586150 1.3861883076308146 0
1723098586151 1.3777223122091466 0
1723098586151 1.369355649608602 0
1723098586152 1.3620892150432273 0
1723098586153 1.3555029084823655 0
1723098586153 1.3499203168758982 0
1723098586154 1.3435534007143097 0
1723098586155 1.3377862688408633 0
1723098586156 1.3318213325429806 0
1723098586156 1.3267798679702032 0
1723098586157 1.3210175719147255 0
1723098586158 1.3165122159485412 0
1723098586158 1.3120798313556605 0
1723098586159 1.3076226516470075 0
1723098586160 1.3035237840021656 0
1723098586161 1.2995472005936748 0
1723098586161 1.295805664395993 0
1723098586162 1.2925943663691706 0
1723098586163 1.289271007571239 0
1723098586164 1.2862799309441277 0
1723098586164 1.2834434048498788 0
1723098586165 1.2806138265441553 0
1723098586166 1.2782497345873414 0
1723098586166 1.275114527114374 0
1723098586167 1.2728227311097102 0
1723098586168 1.2702630850207848 0
1723098586168 1.268288839106616 0
1723098586169 1.2656148484274048 0
1723098586170 1.2637699584518596 0
1723098586171 1.2612839809833898 0
1723098586171 1.2592505582183384 0
1723098586172 1.25722777886977 0
1723098586173 1.2555945159382318 0
1723098586174 1.253477140090892 0
1723098586174 1.2519095957110364 0
1723098586175 1.2497635598035592 0
1723098586176 1.2482520617483837 0
1723098586176 1.2467362449961013 0
1723098586177 1.2450074440799743 0
1723098586178 1.2431310240100533 0
1723098586178 1.2420348828552736 0
1723098586179 1.2402441795307941 0
1723098586180 1.238208376752187 0
1723098586181 1.2365582011775522 0
1723098586181 1.23540808223548 0
1723098586182 1.2338232230413837 0
1723098586183 1.2324513015592236 0
1723098586183 1.2306745471008798 0
1723098586184 1.229528671039888 0
1723098586185 1.2281990723058493 0
1723098586186 1.226638868445375 0
1723098586186 1.2257604019572836 0
1723098586187 1.2244591449953928 0
1723098586188 1.2230378456171611 0
1723098586188 1.2218662409741858 0
1723098586189 1.2205122858912367 0
1723098586190 1.2196652862750712 0
1723098586190 1.2184418406922537 0
1723098586191 1.2175447601058795 0
1723098586192 1.21666556881789 0
1723098586193 1.2155564112512307 0
1723098586193 1.2146040262613662 0
1723098586194 1.2135283677675521 0
1723098586195 1.2127598354548152 0
1723098586196 1.2117866550536474 0
1723098586196 1.210591170753674 0
1723098586197 1.2095783517975711 0
1723098586198 1.2089685743706515 0
1723098586198 1.2082198699499953 0
1723098586199 1.2071955879699714 0
1723098586200 1.2061207644640197 0
1723098586201 1.2055450109224737 0
1723098586201 1.2045114560722332 0
1723098586202 1.2034662232959639 0
1723098586203 1.202121715083494 0
1723098586204 1.2015603845889706 0
1723098586204 1.2006415998776458 0
