1723098634280 1.890026455447501 0
1723098634281 1.8796319926563012 0
1723098634282 1.869295936403488 0
1723098634282 1.8591778401324237 0
1723098634283 1.8492487319748439 0
1723098634284 1.8395053667979306 0
1723098634285 1.8292479248029803 0
1723098634285 1.8189860929391064 0
1723098634286 1.8097564156043997 0
1723098634287 1.8007083503392303 0
1723098634287 1.7916904769010693 0
1723098634288 1.78329540450916 0
1723098634289 1.7748120607181364 0
1723098634290 1.7664684568322244 0
1723098634290 1.7573350856758017 0
1723098634291 1.7492264977186391 0
1723098634292 1.740604324197344 0
1723098634292 1.7319543072875128 0
1723098634293 1.7234721096822758 0
1723098634294 1.715157115811421 0
1723098634294 1.7069583062858946 0
1723098634295 1.699440055793818 0
1723098634296 1.6915453075076006 0
1723098634296 1.6839518068008508 0
1723098634297 1.676410875712933 0
1723098634298 1.6689696263954754 0
1723098634298 1.6616734302298373 0
1723098634299 1.6544502408605504 0
1723098634300 1.647493436538979 0
1723098634301 1.6411114028336302 0
1723098634301 1.634324097475914 0
1723098634302 1.6276556086407097 0
1723098634303 1.6211115900337214 0
1723098634303 1.6147082797902492 0
1723098634304 1.6082538144701353 0
1723098634305 1.6020902034991547 0
1723098634305 1.5959840409627635 0
1723098634306 1.5900368625961503 0
1723098634307 1.584198471393215 0
1723098634307 1.578303650849296 0
1723098634308 1.5727228568294613 0
1723098634309 1.567037797287762 0
1723098634309 1.5615523776036264 0
1723098634310 1.5564084979566402 0
1723098634311 1.5510082438467772 0
1723098634311 1.5457858552586865 0
1723098634312 1.54072012250658 0
1723098634313 1.5356571548255744 0
1723098634314 1.5306448532775154 0
1723098634314 1.5257107072160143 0
1723098634315 1.520859550326375 0
1723098634316 1.5160955804297966 0
1723098634316 1.5117327948678407 0
1723098634317 1.5071455806749192 0
1723098634318 1.5027117703455144 0
1723098634318 1.4982730608204566 0
1723098634319 1.4938988603721295 0
1723098634320 1.489617770606365 0
1723098634320 1.4854964992112185 0
1723098634321 1.4814209199384372 0
1723098634322 1.4778746109800993 0
1723098634322 1.4741046058424316 0
1723098634323 1.4701271764766026 0
1723098634324 1.4663195811494456 0
1723098634325 1.4624590246168092 0
1723098634325 1.458717772137534 0
1723098634326 1.4550917120780522 0
1723098634327 1.4515414938503408 0
1723098634327 1.448157889149068 0
1723098634328 1.4446802320528667 0
1723098634329 1.4412197732198908 0
1723098634329 1.4378013489217192 0
1723098634330 1.4345453204945342 0
1723098634331 1.4312199212082217 0
1723098634331 1.4280592270760468 0
1723098634332 1.4248747038501521 0
1723098634333 1.4217323399009534 0
1723098634334 1.418678718162362 0
1723098634334 1.415628890030728 0
1723098634335 1.412660097089755 0
1723098634336 1.4096924849169963 0
1723098634336 1.4070023296963405 0
1723098634337 1.404184281066795 0
1723098634338 1.4013459919124736 0
1723098634338 1.3985008193823103 0
1723098634339 1.3959455482612244 0
1723098634340 1.3932797417132738 0
1723098634340 1.3905940500575293 0
1723098634341 1.3879793501480358 0
1723098634342 1.385414344723209 0
1723098634343 1.3828635645135616 0
1723098634343 1.3804199410294968 0
1723098634344 1.3779499882787627 0
1723098634345 1.3755533631667802 0
1723098634345 1.3731961700417004 0
1723098634346 1.3708112166106676 0
1723098634347 1.3684842371457866 0
1723098634347 1.3662477041335832 0
1723098634348 1.3640190338249492 0
1723098634349 1.361797548337633 0
