1723098577222 1.890279317809268 0
1723098577223 1.879752207024749 0
1723098577223 1.8693853767927162 0
1723098577224 1.8592333941931527 0
1723098577225 1.8491916023659964 0
1723098577226 1.839432397421179 0
1723098577227 1.8298275441010692 0
1723098577228 1.8204116267643413 0
1723098577228 1.8111543151661216 0
1723098577229 1.8021358387984912 0
1723098577230 1.793092808948195 0
1723098577231 1.7843517195823042 0
1723098577231 1.775805866851241 0
1723098577232 1.7665665165119278 0
1723098577233 1.7582871939520706 0
1723098577234 1.7492561098090396 0
1723098577234 1.7404652362192539 0
1723098577235 1.731865386829685 0
1723098577236 1.723371414582118 0
1723098577237 1.7151256079854516 0
1723098577238 1.7070134822848424 0
1723098577238 1.6990346417324504 0
1723098577239 1.6911900068348298 0
1723098577240 1.684154026944967 0
1723098577241 1.6765981238115435 0
1723098577241 1.6691886296604086 0
1723098577242 1.6619220562943717 0
1723098577243 1.6547392698486179 0
1723098577244 1.6476201199909635 0
1723098577244 1.6405629418399623 0
1723098577245 1.6342009253276524 0
1723098577246 1.6278117370780627 0
1723098577247 1.6212522490066454 0
1723098577247 1.6146739803092438 0
1723098577248 1.6083317084397293 0
1723098577249 1.6020742394958913 0
1723098577250 1.5959815527281593 0
1723098577250 1.5900968673310958 0
1723098577251 1.5841392248733381 0
1723098577252 1.5783076644176237 0
1723098577253 1.5726193531982355 0
1723098577254 1.5669504421271743 0
1723098577254 1.5613545425997666 0
1723098577255 1.555916471068737 0
1723098577256 1.5505355863031942 0
1723098577257 1.545358980220401 0
1723098577257 1.540307001816295 0
1723098577258 1.5355856542804494 0
1723098577259 1.5305778200347795 0
1723098577259 1.5256073502919545 0
1723098577260 1.5207920449476449 0
1723098577261 1.516054565756767 0
1723098577262 1.51148867127626 0
1723098577262 1.5069633076023081 0
1723098577263 1.502453719513126 0
1723098577264 1.4980141204417716 0
1723098577264 1.4935988918853964 0
1723098577265 1.4893229733926128 0
1723098577266 1.4855870740680752 0
1723098577266 1.4814556403734245 0
1723098577267 1.4776423801256533 0
1723098577268 1.4737120099482623 0
1723098577269 1.4698456690974242 0
1723098577269 1.466102780392863 0
1723098577270 1.4623195274729412 0
1723098577271 1.4585909491505058 0
1723098577272 1.4548768430086896 0
1723098577272 1.451306834800977 0
1723098577273 1.4480904803962105 0
1723098577274 1.4447670731556002 0
1723098577275 1.4412845291749363 0
1723098577276 1.4379070681753294 0
1723098577276 1.4345420242698854 0
1723098577277 1.4311938354336837 0
1723098577278 1.4280125574946936 0
1723098577279 1.4247753466775384 0
1723098577279 1.4216238433362491 0
1723098577280 1.4184636418241223 0
1723098577281 1.4154025610825747 0
1723098577282 1.412357734075244 0
1723098577282 1.4094137966733387 0
1723098577283 1.4065001249070257 0
1723098577284 1.4036584508977017 0
1723098577285 1.4009239334645078 0
1723098577285 1.398232740394979 0
1723098577286 1.395459305212561 0
1723098577287 1.3927368334400985 0
1723098577288 1.3901485145085135 0
1723098577289 1.387526667463494 0
1723098577289 1.3849075990924467 0
1723098577290 1.3823935204953661 0
1723098577291 1.37990698791842 0
1723098577292 1.37753639526374 0
1723098577292 1.375191120755376 0
1723098577293 1.372784172007967 0
1723098577294 1.3704711206155293 0
1723098577295 1.3681675307470367 0
1723098577295 1.3658666417431775 0
1723098577296 1.3636786261824694 0
1723098577297 1.3614404501068138 0
