1723098570188 1.8912397661205946 0
1723098570189 1.8818969711164029 0
1723098570190 1.8727400977327946 0
1723098570191 1.8637654461295203 0
1723098570192 1.8543170102818736 0
1723098570193 1.8459792736121428 0
1723098570194 1.8368652851169043 0
1723098570195 1.8279280295247 0
1723098570196 1.8197242720707363 0
1723098570197 1.8117006907485749 0
1723098570199 1.8033368034761585 0
1723098570199 1.795599123111945 0
1723098570200 1.787413831860867 0
1723098570202 1.779958750488022 0
1723098570202 1.7726514914400913 0
1723098570204 1.7654178449355176 0
1723098570205 1.7586183065558034 0
1723098570206 1.7517004405968288 0
1723098570206 1.7449195870894916 0
1723098570207 1.7380161645504462 0
1723098570208 1.7308536590652603 0
1723098570209 1.724422166215706 0
1723098570209 1.7178376855959645 0
1723098570210 1.7110570605656252 0
1723098570212 1.7049512140859073 0
1723098570213 1.6985095609706145 0
1723098570214 1.6920908157495227 0
1723098570215 1.6857998035583315 0
1723098570217 1.6802092223255423 0
1723098570218 1.6745208291891236 0
1723098570219 1.668944954094242 0
1723098570221 1.6633419742789395 0
1723098570222 1.6576139078643333 0
1723098570223 1.6516817303787192 0
1723098570224 1.6464690072351882 0
1723098570226 1.6409243126139423 0
1723098570227 1.6356016133344544 0
1723098570228 1.6300483053134285 0
1723098570230 1.6256788435189897 0
1723098570231 1.6204870637716453 0
1723098570232 1.6152056166260091 0
1723098570233 1.610519983052026 0
1723098570235 1.6054716728981961 0
1723098570236 1.6007227371518298 0
1723098570237 1.5959609782293065 0
1723098570239 1.591115573238463 0
1723098570240 1.5867660032153785 0
1723098570241 1.582182133270707 0
1723098570242 1.5775779627078232 0
1723098570243 1.5731943035946967 0
1723098570244 1.5691182130884582 0
1723098570245 1.5647245477009397 0
1723098570246 1.5605623690728057 0
1723098570246 1.5563396181526474 0
1723098570247 1.5521852206362616 0
1723098570248 1.5483896223985922 0
1723098570249 1.544490201866322 0
1723098570250 1.540721290589345 0
1723098570250 1.5370011584309886 0
1723098570251 1.5332637142292211 0
1723098570252 1.5297534123867416 0
1723098570253 1.5260687050252295 0
1723098570253 1.5226863211032766 0
1723098570254 1.5191014691127962 0
1723098570255 1.5155380878279114 0
1723098570256 1.5120803797811129 0
1723098570256 1.5088488268547544 0
1723098570257 1.5055445086663888 0
1723098570258 1.502207183354395 0
1723098570259 1.4987659300361542 0
1723098570260 1.4957659231261355 0
1723098570260 1.492825616353626 0
1723098570261 1.4897056489432043 0
1723098570262 1.4869028027047477 0
1723098570263 1.4838296163028069 0
1723098570264 1.4808623099548723 0
1723098570265 1.478189766272118 0
1723098570265 1.4753806814236061 0
1723098570266 1.4726559998369664 0
1723098570267 1.469964689691612 0
1723098570268 1.4674924507054543 0
1723098570268 1.4648247448356557 0
1723098570269 1.4619545808659817 0
1723098570270 1.4595550553952923 0
1723098570271 1.4568876041854657 0
1723098570271 1.4543091909592791 0
1723098570272 1.4517316352374539 0
1723098570273 1.449355935986459 0
1723098570274 1.4469822364531437 0
1723098570275 1.444536929961797 0
1723098570275 1.4422779887752788 0
1723098570276 1.440055123138984 0
1723098570277 1.4377013634804858 0
1723098570278 1.43534360597538 0
1723098570278 1.4330260509108084 0
1723098570279 1.4306443733482936 0
1723098570280 1.4285806246939403 0
1723098570281 1.4264367711983148 0
1723098570282 1.4244071504209772 0
1723098570282 1.4224730747134988 0
