1723097906605 1.8483123742561234 0
1723097906605 1.8026854370226402 0
1723097906606 1.7580591811077522 0
1723097906607 1.718073639302525 0
1723097906608 1.6772507787217976 0
1723097906609 1.640075198753678 0
1723097906609 1.606579516216546 0
1723097906610 1.5758759230849086 0
1723097906611 1.5479735559455032 0
1723097906612 1.52273829181686 0
1723097906612 1.4988687421211146 0
1723097906613 1.4776775305667904 0
1723097906614 1.4577499960069977 0
1723097906614 1.4397718588615187 0
1723097906615 1.4237516354419093 0
1723097906616 1.4085801049494868 0
1723097906616 1.3945214210487562 0
1723097906617 1.3819933196925465 0
1723097906618 1.3697348102985765 0
1723097906619 1.358506225949381 0
1723097906619 1.3479901559576428 0
1723097906620 1.3386672519761866 0
1723097906621 1.3297807996158337 0
1723097906622 1.3216280759638022 0
1723097906622 1.3139908944517018 0
1723097906623 1.3065849143114225 0
1723097906624 1.2991969581307554 0
1723097906624 1.2926075880456798 0
1723097906625 1.286226543935076 0
1723097906626 1.2799906975898132 0
1723097906627 1.274406095054809 0
1723097906627 1.269348265206155 0
1723097906628 1.2640855509066182 0
1723097906629 1.259356325220704 0
1723097906629 1.2548543675019257 0
1723097906630 1.2510805575288275 0
1723097906631 1.2470793414004766 0
1723097906631 1.2431264072135824 0
1723097906632 1.239198832217623 0
1723097906633 1.235850755694997 0
1723097906634 1.2320208283799634 0
1723097906634 1.2284750495108003 0
1723097906635 1.2250643115836135 0
1723097906636 1.2222070821451438 0
1723097906636 1.2192268304687544 0
1723097906637 1.216705839599383 0
1723097906638 1.2136243637434716 0
1723097906639 1.2110216435704064 0
1723097906639 1.2081229940701377 0
1723097906640 1.2060600586713304 0
1723097906641 1.2040492246696726 0
1723097906641 1.2019753871716767 0
1723097906642 1.1996594044898399 0
1723097906643 1.197253491052663 0
1723097906644 1.1951261638774395 0
1723097906644 1.1928723400787953 0
1723097906645 1.19115317408332 0
1723097906646 1.1886357752521928 0
1723097906646 1.1870386149785046 0
1723097906647 1.1855556243417422 0
1723097906648 1.1837435327059376 0
1723097906649 1.1820870480584957 0
1723097906649 1.1805009349954538 0
1723097906650 1.179114416445389 0
1723097906651 1.1774435735248865 0
1723097906651 1.175862733941969 0
1723097906652 1.1742809900874407 0
1723097906653 1.1734623939752509 0
1723097906654 1.1719256734903603 0
1723097906654 1.1700191549769585 0
1723097906655 1.1686297460735078 0
1723097906656 1.1676743548536395 0
1723097906656 1.1657967984143576 0
1723097906657 1.1641590050394854 0
1723097906658 1.1628434307487352 0
1723097906659 1.161424091737054 0
1723097906659 1.1605919902149087 0
1723097906660 1.1589059191434519 0
1723097906661 1.1579509542311914 0
1723097906661 1.1572696516127474 0
1723097906662 1.1561112070036565 0
1723097906663 1.1552385827158886 0
1723097906664 1.1542223197569839 0
1723097906664 1.1527537223409654 0
1723097906665 1.1518574239112795 0
1723097906666 1.1512196921588174 0
1723097906666 1.1502209747414622 0
1723097906667 1.149121742829213 0
1723097906668 1.1484247512653802 0
1723097906669 1.1476637834495413 0
1723097906669 1.147011687495163 0
1723097906670 1.1462256877952557 0
1723097906671 1.1452169970599022 0
1723097906671 1.1446331477531604 0
1723097906672 1.1435732352489585 0
1723097906673 1.143197100417707 0
1723097906673 1.1424085936902926 0
1723097906674 1.1411754643842735 0
1723097906675 1.1400981006416928 0
1723097906676 1.1391623916508644 0
