1723097663923 1.854067839128975 0
1723097663924 1.8092475702764963 0
1723097663925 1.7756380008468997 0
1723097663925 1.7447644835423934 0
1723097663926 1.7087122462576816 0
1723097663927 1.6759944093379586 0
1723097663928 1.64639183761077 0
1723097663928 1.6212744354801882 0
1723097663929 1.5956885509630465 0
1723097663930 1.573562270963566 0
1723097663931 1.5538637793705699 0
1723097663931 1.5357547494396224 0
1723097663932 1.5168688701180382 0
1723097663933 1.501457298417459 0
1723097663933 1.4856411935168115 0
1723097663934 1.471750521820645 0
1723097663935 1.4581587542808538 0
1723097663936 1.4457468844077164 0
1723097663936 1.4351046078204799 0
1723097663937 1.424713359840196 0
1723097663938 1.4141144317825576 0
1723097663938 1.4041511111264018 0
1723097663939 1.3956424558643896 0
1723097663940 1.38699189369654 0
1723097663941 1.3791904211892265 0
1723097663941 1.3725464790184099 0
1723097663942 1.3643657161509457 0
1723097663943 1.3566852546518149 0
1723097663943 1.3507882292042155 0
1723097663944 1.34419478569443 0
1723097663945 1.3379825622535988 0
1723097663946 1.3326774025496897 0
1723097663946 1.3273101697898047 0
1723097663947 1.322493401237571 0
1723097663948 1.3180439021734764 0
1723097663948 1.3137977943483383 0
1723097663949 1.3095773900156953 0
1723097663950 1.305819630483637 0
1723097663951 1.3018178618268204 0
1723097663951 1.2981437468577832 0
1723097663952 1.29470739976462 0
1723097663953 1.2910310547284773 0
1723097663953 1.2878286391169966 0
1723097663954 1.284640072624953 0
1723097663955 1.281676600984447 0
1723097663955 1.2785794316349484 0
1723097663956 1.2753925100304189 0
1723097663957 1.2725988764016192 0
1723097663958 1.2701004457823184 0
1723097663958 1.2680824143974914 0
1723097663959 1.265929636539101 0
1723097663960 1.2636808319988755 0
1723097663960 1.2612235878198885 0
1723097663961 1.258726348781844 0
1723097663962 1.257089247233796 0
1723097663963 1.2553583839033453 0
1723097663963 1.2534235702697218 0
1723097663964 1.251441799074044 0
1723097663965 1.2488117994567303 0
1723097663966 1.246767112029936 0
1723097663966 1.2452395697828769 0
1723097663967 1.2433582683609217 0
1723097663968 1.2416254204537613 0
1723097663968 1.2401132820603482 0
1723097663969 1.2389264888293814 0
1723097663970 1.236908138327207 0
1723097663971 1.235130795648012 0
1723097663971 1.2336199671717154 0
1723097663972 1.2321415355519532 0
1723097663973 1.2307892431116687 0
1723097663973 1.2294602736140412 0
1723097663974 1.228156158374981 0
1723097663975 1.2271195742668153 0
1723097663976 1.2258840943475824 0
1723097663976 1.2249084152693996 0
1723097663977 1.2237718294632038 0
1723097663978 1.2226215984079283 0
1723097663978 1.2217567940748122 0
1723097663979 1.220548101435193 0
1723097663980 1.2199013774894465 0
1723097663980 1.21883107491235 0
1723097663981 1.2179266182784654 0
1723097663982 1.217165504863656 0
1723097663983 1.2164497123388482 0
1723097663983 1.2153654418010755 0
1723097663984 1.2145844353283177 0
1723097663985 1.213568751664374 0
1723097663986 1.2128099061264808 0
1723097663987 1.2116552756769414 0
1723097663988 1.2106455837828156 0
1723097663990 1.210005865197682 0
1723097663991 1.209090285691825 0
1723097663992 1.208165087112813 0
1723097663993 1.2075965451842743 0
1723097663994 1.2070493475895678 0
1723097663995 1.206543042417552 0
1723097663997 1.2055756607712365 0
1723097663998 1.2046712959767745 0
1723097663999 1.2032798278669314 0
1723097664000 1.2021464365055592 0
