1723097667074 1.8482486975318597 0
1723097667075 1.7973422012395057 0
1723097667076 1.754007982504241 0
1723097667077 1.7138597798586603 0
1723097667078 1.6737143112362098 0
1723097667078 1.637687459232347 0
1723097667079 1.6043990688282301 0
1723097667080 1.5742623203208226 0
1723097667081 1.5471662625988203 0
1723097667082 1.5215436358660033 0
1723097667082 1.4989092467873506 0
1723097667083 1.4787683999997618 0
1723097667084 1.4595590881487162 0
1723097667085 1.4417022971165179 0
1723097667085 1.4251249085924407 0
1723097667086 1.4099226392091881 0
1723097667087 1.3955768116867362 0
1723097667088 1.3821505018385298 0
1723097667088 1.370175470493234 0
1723097667089 1.35934687528351 0
1723097667090 1.3489236991429585 0
1723097667091 1.339085879159492 0
1723097667091 1.3297032545277891 0
1723097667092 1.3208628433345577 0
1723097667093 1.31298964750443 0
1723097667094 1.3054930927224773 0
1723097667094 1.2988040423204854 0
1723097667095 1.292511042878339 0
1723097667096 1.2864699142854308 0
1723097667097 1.2806231483784631 0
1723097667097 1.2748572944886214 0
1723097667098 1.269990137931322 0
1723097667099 1.2652426332816846 0
1723097667099 1.2609391345127048 0
1723097667100 1.2561843616276884 0
1723097667101 1.2517381615123648 0
1723097667102 1.2477980474197892 0
1723097667102 1.2443548002573852 0
1723097667103 1.240207312969477 0
1723097667104 1.2365668663292686 0
1723097667105 1.2323991970742587 0
1723097667105 1.228705543243971 0
1723097667106 1.225762546011567 0
1723097667107 1.2218553545554396 0
1723097667107 1.2190279147549492 0
1723097667108 1.2159890643594988 0
1723097667109 1.213436311301011 0
1723097667109 1.2111446805724606 0
1723097667110 1.2083677596035576 0
1723097667111 1.205880048320396 0
1723097667112 1.2031956289469121 0
1723097667112 1.2013481978986473 0
1723097667113 1.1987306424244415 0
1723097667114 1.1962050963842346 0
1723097667114 1.1942300861329656 0
1723097667115 1.191984764660297 0
1723097667116 1.1903030147321942 0
1723097667116 1.1889028359153646 0
1723097667117 1.1865877665192335 0
1723097667118 1.1849508685621322 0
1723097667119 1.1833797338835543 0
1723097667119 1.1806681595123198 0
1723097667120 1.179374438558556 0
1723097667121 1.176684354118698 0
1723097667121 1.1751623190288478 0
1723097667122 1.1740841237793467 0
1723097667123 1.1728021956982775 0
1723097667123 1.171456736661798 0
1723097667124 1.169731108762931 0
1723097667125 1.168133546664495 0
1723097667125 1.1668578723195218 0
1723097667126 1.1650340986748267 0
1723097667127 1.1634181838581628 0
1723097667128 1.1618315186113541 0
1723097667128 1.1605016135539319 0
1723097667129 1.159076832870139 0
1723097667130 1.1577905615196413 0
1723097667130 1.1568227098100645 0
1723097667131 1.156087763574435 0
1723097667132 1.1544640543458802 0
1723097667132 1.1537342187601 0
1723097667133 1.1527723454780987 0
1723097667134 1.1518019229487853 0
1723097667135 1.1504131802823068 0
1723097667135 1.149623543040988 0
1723097667136 1.148837043895641 0
1723097667137 1.1483903675541136 0
1723097667137 1.1476001438314958 0
1723097667138 1.1464488792061538 0
1723097667139 1.1456313157666516 0
1723097667139 1.144299947291116 0
1723097667140 1.1432548285643334 0
1723097667141 1.1424642014784008 0
1723097667141 1.141291716242028 0
1723097667142 1.1401834481907083 0
1723097667143 1.1389106246641492 0
1723097667144 1.1372013260180989 0
1723097667144 1.1359798360133646 0
1723097667145 1.1355082922250206 0
1723097667146 1.1341405372032396 0
