1723098583260 1.8599916154364975 0
1723098583261 1.822995932948368 0
1723098583262 1.781269020634392 0
1723098583263 1.7448815354679943 0
1723098583264 1.7091674079360122 0
1723098583264 1.6763720539156999 0
1723098583265 1.6485833799412624 0
1723098583266 1.6216799448861166 0
1723098583267 1.5969261323039308 0
1723098583268 1.573254107802705 0
1723098583268 1.552662518919406 0
1723098583269 1.5343618223865028 0
1723098583270 1.5155504884031388 0
1723098583271 1.4984301431643803 0
1723098583271 1.483157648150858 0
1723098583272 1.4681537124516957 0
1723098583273 1.4557104649070078 0
1723098583274 1.4427737770063007 0
1723098583275 1.4309826054534058 0
1723098583275 1.4200512616853898 0
1723098583276 1.4109004312136781 0
1723098583277 1.4007243543178562 0
1723098583278 1.3918449590927617 0
1723098583278 1.383119643612845 0
1723098583279 1.3759758082076468 0
1723098583280 1.3685960810213225 0
1723098583281 1.3616446388845036 0
1723098583281 1.3548232979485753 0
1723098583282 1.3493847151952045 0
1723098583283 1.3427601688143522 0
1723098583284 1.336974020028256 0
1723098583284 1.3311592504055445 0
1723098583285 1.3256879895281077 0
1723098583286 1.3206904161798068 0
1723098583287 1.3160268684246161 0
1723098583287 1.3115361927123037 0
1723098583288 1.3067411938891689 0
1723098583289 1.3026061558782298 0
1723098583290 1.2988341598626056 0
1723098583290 1.29520164866188 0
1723098583291 1.2916271964489396 0
1723098583292 1.288584960295481 0
1723098583292 1.2850906920689813 0
1723098583293 1.282111790287214 0
1723098583294 1.279197073125498 0
1723098583295 1.276379353115899 0
1723098583295 1.2735929825904133 0
1723098583296 1.2702353016282728 0
1723098583297 1.2681915839232387 0
1723098583298 1.2658165157081411 0
1723098583298 1.2634859953792223 0
1723098583299 1.2617235372291884 0
1723098583300 1.2596535411051262 0
1723098583301 1.2572347839533993 0
1723098583302 1.2553977398204312 0
1723098583303 1.2531770180359998 0
1723098583304 1.2514748109287956 0
1723098583305 1.2495786924770727 0
1723098583306 1.2472986599427756 0
1723098583306 1.2458721686402874 0
1723098583307 1.2440245515513089 0
1723098583308 1.2419843794785979 0
1723098583309 1.2407450118906709 0
1723098583309 1.2391847918891317 0
1723098583310 1.2374506153585858 0
1723098583311 1.2353291082203783 0
1723098583311 1.2336408536260917 0
1723098583312 1.2320707163462947 0
1723098583313 1.231023599055694 0
1723098583313 1.2296520380545772 0
1723098583314 1.2281703390263259 0
1723098583315 1.2269786091855712 0
1723098583316 1.2255799829743184 0
1723098583316 1.224132134537877 0
1723098583317 1.2231472038780653 0
1723098583318 1.2219683440810252 0
1723098583318 1.2211859430747738 0
1723098583319 1.2198974336084478 0
1723098583320 1.2185374804118136 0
1723098583321 1.21749129865242 0
1723098583321 1.2158792234395723 0
1723098583322 1.2149088087830147 0
1723098583323 1.2138019476252577 0
1723098583323 1.212480378066992 0
1723098583324 1.211347712430602 0
1723098583325 1.2105374361510013 0
1723098583325 1.209926368705677 0
1723098583326 1.209179994122084 0
1723098583327 1.2082556841381065 0
1723098583327 1.2068682911584165 0
1723098583328 1.2055779759945668 0
1723098583329 1.2046233108457796 0
1723098583330 1.203505793335077 0
1723098583330 1.2022368074800984 0
1723098583331 1.201343336416542 0
1723098583332 1.200454576613183 0
1723098583333 1.1997705353600105 0
1723098583334 1.1988760307984705 0
1723098583335 1.1980065483685918 0
1723098583335 1.1971245940617457 0
