1723097658133 1.8901434890453581 0
1723097658134 1.879724799916448 0
1723097658135 1.869234589602195 0
1723097658135 1.8594236964275606 0
1723097658136 1.8495655175761763 0
1723097658137 1.8399209314158604 0
1723097658138 1.8303202170695416 0
1723097658138 1.8209469226832025 0
1723097658139 1.810956452493007 0
1723097658140 1.8018255436384116 0
1723097658140 1.7928295521813025 0
1723097658141 1.7840762694470376 0
1723097658142 1.7754707387227926 0
1723097658143 1.7662221565869274 0
1723097658143 1.7574452306100052 0
1723097658144 1.7485280294361707 0
1723097658145 1.7398612404348945 0
1723097658145 1.7314338225597017 0
1723097658146 1.7231305446419176 0
1723097658147 1.714873162088802 0
1723097658147 1.7068549672040996 0
1723097658148 1.6989963226347977 0
1723097658149 1.6916181126297478 0
1723097658150 1.6841020342915 0
1723097658150 1.676498541727467 0
1723097658151 1.669594049962335 0
1723097658152 1.6624978225684726 0
1723097658152 1.6566756689191204 0
1723097658153 1.6498334639237586 0
1723097658154 1.6428452361076338 0
1723097658154 1.6358823889758196 0
1723097658155 1.6293236315994613 0
1723097658156 1.622686698508225 0
1723097658157 1.6161390389298793 0
1723097658157 1.609701549610898 0
1723097658158 1.6034637805717047 0
1723097658159 1.5974614866799222 0
1723097658159 1.5915441766521299 0
1723097658160 1.5855416888212455 0
1723097658161 1.5798861711773011 0
1723097658161 1.5742093750079935 0
1723097658162 1.5688038644680578 0
1723097658163 1.5631797271025774 0
1723097658163 1.5577809782881076 0
1723097658164 1.552322076197615 0
1723097658165 1.5471458288124402 0
1723097658166 1.542216525620644 0
1723097658166 1.5371392591027273 0
1723097658167 1.5320212992698545 0
1723097658168 1.5271249923325272 0
1723097658168 1.5224315157340713 0
1723097658169 1.517721071780145 0
1723097658170 1.5130657586174303 0
1723097658170 1.508765220749357 0
1723097658171 1.504282014561767 0
1723097658172 1.4997885787352931 0
1723097658173 1.495406238358849 0
1723097658173 1.4910977884236765 0
1723097658174 1.4868375098871613 0
1723097658175 1.4826670339443229 0
1723097658176 1.478652011805232 0
1723097658176 1.4746152134672088 0
1723097658177 1.4706789528107027 0
1723097658178 1.4667544112478985 0
1723097658179 1.4630410635124622 0
1723097658179 1.459304610367804 0
1723097658180 1.4555489550340448 0
1723097658181 1.4519112212352727 0
1723097658182 1.4483914503183644 0
1723097658182 1.444868153054669 0
1723097658183 1.44151618441899 0
1723097658184 1.4381045060574662 0
1723097658184 1.4348982553305503 0
1723097658185 1.4316445581926482 0
1723097658186 1.4285395553212805 0
1723097658186 1.4253941637143646 0
1723097658187 1.4224587645110256 0
1723097658188 1.4192805157844082 0
1723097658188 1.4162521634255236 0
1723097658189 1.4133104534905485 0
1723097658190 1.4103172283460188 0
1723097658190 1.4073428410704434 0
1723097658191 1.4044402199631352 0
1723097658192 1.4015709440001523 0
1723097658192 1.398812337316534 0
1723097658193 1.3961195963176753 0
1723097658194 1.3934651770622073 0
1723097658194 1.3908953987107722 0
1723097658195 1.3882659086780318 0
1723097658196 1.3857405860332432 0
1723097658196 1.3832217045066866 0
1723097658197 1.3809088010446287 0
1723097658198 1.378431394705015 0
1723097658198 1.3760959815906897 0
1723097658199 1.373725431019413 0
1723097658200 1.3713936971084755 0
1723097658200 1.3690939855642337 0
1723097658201 1.3668368631093573 0
1723097658202 1.3645738936361786 0
1723097658202 1.3626084743700542 0
