1723098640237 1.8512316272996496 0
1723098640238 1.8100912021759594 0
1723098640238 1.7687950293725558 0
1723098640239 1.733261358669869 0
1723098640240 1.7010633206166907 0
1723098640241 1.6701180730564393 0
1723098640241 1.6428661068313228 0
1723098640242 1.6172235636206693 0
1723098640243 1.5931115109336038 0
1723098640244 1.571430800373677 0
1723098640244 1.550321355046728 0
1723098640245 1.5310255865000757 0
1723098640246 1.5130402632840496 0
1723098640246 1.4970918463836445 0
1723098640247 1.4816236556620235 0
1723098640248 1.4670127655120246 0
1723098640249 1.455321251651426 0
1723098640249 1.4425564055270335 0
1723098640250 1.4308687060213134 0
1723098640251 1.4197837581485324 0
1723098640251 1.4098579728476635 0
1723098640252 1.4007989984561195 0
1723098640253 1.3917921412458825 0
1723098640254 1.383642980944337 0
1723098640254 1.375763285617577 0
1723098640255 1.3685684501420263 0
1723098640256 1.3619150521810666 0
1723098640256 1.3553442699701623 0
1723098640257 1.348964958612821 0
1723098640258 1.3431339639910749 0
1723098640259 1.3375088872656318 0
1723098640259 1.331525407187103 0
1723098640260 1.3263530848550529 0
1723098640261 1.3221033206352797 0
1723098640261 1.3178530661664292 0
1723098640262 1.313251307284255 0
1723098640263 1.308630655557547 0
1723098640264 1.3044474340632877 0
1723098640264 1.3006411114993532 0
1723098640265 1.2973450255318217 0
1723098640266 1.2940960912125588 0
1723098640266 1.2908845441946313 0
1723098640267 1.2881895740622271 0
1723098640268 1.2850071406152423 0
1723098640269 1.2815710882539448 0
1723098640269 1.2785985649365836 0
1723098640270 1.2759364933401767 0
1723098640271 1.2735904866944308 0
1723098640271 1.2712886347760795 0
1723098640272 1.2692112286932653 0
1723098640273 1.2662490496344312 0
1723098640274 1.2633904086977281 0
1723098640274 1.2612409189644866 0
1723098640275 1.258852345319114 0
1723098640276 1.2572002579295176 0
1723098640277 1.2552724455240256 0
1723098640277 1.253331129836382 0
1723098640278 1.2514590181495848 0
1723098640279 1.2501383019061076 0
1723098640280 1.2480269000213133 0
1723098640280 1.2466491479801654 0
1723098640281 1.2449790449791205 0
1723098640282 1.2435142427034604 0
1723098640283 1.2419786689403918 0
1723098640283 1.2405987987883764 0
1723098640284 1.238945561073615 0
1723098640285 1.2375642525230954 0
1723098640286 1.235888355650913 0
1723098640286 1.2346795256701832 0
1723098640287 1.233117875121241 0
1723098640288 1.231341184056665 0
1723098640289 1.2302337520699758 0
1723098640290 1.2286948765622838 0
1723098640290 1.2273521540011936 0
1723098640291 1.226184124784728 0
1723098640292 1.2249279324459679 0
1723098640293 1.2240030881563397 0
1723098640293 1.2225498789933065 0
1723098640294 1.2213532909217109 0
1723098640295 1.2206796426474167 0
1723098640296 1.2192023726581005 0
1723098640296 1.2183397856061369 0
1723098640297 1.2172194823266238 0
1723098640298 1.2163245886396465 0
1723098640299 1.2153090889514284 0
1723098640299 1.2145398691877978 0
1723098640300 1.2133441455285823 0
1723098640301 1.2121682187048681 0
1723098640302 1.2111938550854675 0
1723098640302 1.2103229603567693 0
1723098640303 1.2096936330040857 0
1723098640304 1.208149933164662 0
1723098640305 1.207200475295842 0
1723098640305 1.2059998563697487 0
1723098640306 1.2054740149839769 0
1723098640307 1.204469353861891 0
1723098640308 1.2030984505125684 0
1723098640309 1.2022599723290095 0
1723098640309 1.2017537106421947 0
1723098640310 1.2004606657816739 0
