1723097909729 1.84827693396253 0
1723097909730 1.8022446243531614 0
1723097909731 1.7583221348092155 0
1723097909731 1.7181995786287863 0
1723097909732 1.677580800902766 0
1723097909733 1.6459266787469222 0
1723097909734 1.6119742838507505 0
1723097909734 1.5810498068635432 0
1723097909735 1.55326901159598 0
1723097909736 1.5277630451297504 0
1723097909736 1.5043671363675082 0
1723097909737 1.483489750450629 0
1723097909738 1.4633828911660298 0
1723097909739 1.4451992112637235 0
1723097909739 1.4284586875045104 0
1723097909740 1.4127863374856435 0
1723097909741 1.3984841393788188 0
1723097909742 1.3855298842492012 0
1723097909742 1.3735801609305551 0
1723097909743 1.361418330455189 0
1723097909744 1.3511747816600705 0
1723097909745 1.341227185517369 0
1723097909745 1.3321425832038578 0
1723097909746 1.323626684103675 0
1723097909747 1.3155825600685893 0
1723097909748 1.3077631310434998 0
1723097909748 1.3006097822910316 0
1723097909749 1.2934980654432888 0
1723097909750 1.287016338526907 0
1723097909750 1.281416650937741 0
1723097909751 1.2753819492287997 0
1723097909752 1.2702440949007807 0
1723097909753 1.2650370625840412 0
1723097909753 1.2599487830894103 0
1723097909754 1.2551257326815048 0
1723097909755 1.2515085353171826 0
1723097909756 1.2473586411846493 0
1723097909756 1.2439673692682713 0
1723097909757 1.2401514419494788 0
1723097909758 1.2360399969833509 0
1723097909759 1.2325586312268557 0
1723097909759 1.2293607122187313 0
1723097909760 1.2262179246201443 0
1723097909761 1.223482568877299 0
1723097909762 1.22031712622651 0
1723097909762 1.2171745478960219 0
1723097909763 1.2142651022364432 0
1723097909764 1.2113797568971465 0
1723097909764 1.2087955912541908 0
1723097909765 1.2064237430210323 0
1723097909766 1.2042855488396547 0
1723097909767 1.2017764392568402 0
1723097909767 1.1992383468879653 0
1723097909768 1.1972133649148946 0
1723097909769 1.1949455180240156 0
1723097909770 1.19318263724255 0
1723097909770 1.1914538493974434 0
1723097909771 1.1895074874465201 0
1723097909772 1.1879370658851525 0
1723097909772 1.1863201344692726 0
1723097909773 1.1844247473429965 0
1723097909774 1.1829705018202206 0
1723097909775 1.1811580260839152 0
1723097909775 1.180014082227983 0
1723097909776 1.1782898973243214 0
1723097909777 1.177163005637011 0
1723097909778 1.1757355865593844 0
1723097909778 1.1741788747741277 0
1723097909779 1.1730065442331206 0
1723097909780 1.1720056858884977 0
1723097909781 1.1707478153779578 0
1723097909781 1.169477414816688 0
1723097909782 1.1684442174885021 0
1723097909783 1.1675855776592718 0
1723097909783 1.1659679990989409 0
1723097909784 1.1646100562740553 0
1723097909785 1.1635818305990075 0
1723097909786 1.1622416377269726 0
1723097909786 1.161340075698209 0
1723097909787 1.1603103997323339 0
1723097909788 1.159227308427477 0
1723097909789 1.1577640128238318 0
1723097909789 1.1569260968438246 0
1723097909790 1.1557841642970652 0
1723097909791 1.1542982627337413 0
1723097909792 1.153240451794481 0
1723097909792 1.1522420134892104 0
1723097909793 1.150946268396479 0
1723097909794 1.1498953244414125 0
1723097909794 1.1486761124198583 0
1723097909795 1.1477396932736208 0
1723097909796 1.1465748583695243 0
1723097909797 1.1453751990839467 0
1723097909797 1.144830152079039 0
1723097909798 1.1443427636109236 0
1723097909799 1.1436973343299843 0
1723097909800 1.1427166256024845 0
1723097909800 1.1418330579985945 0
1723097909801 1.1407221273382888 0
1723097909802 1.139675164418275 0
