1723098646302 1.8479856858863943 0
1723098646302 1.8005350806718725 0
1723098646303 1.756330167930997 0
1723098646304 1.7131195606264253 0
1723098646305 1.6737900588829564 0
1723098646306 1.6375780064529353 0
1723098646306 1.6036732748807727 0
1723098646307 1.573258169612054 0
1723098646308 1.5458872656685951 0
1723098646309 1.5202394491503746 0
1723098646309 1.4976383731834557 0
1723098646310 1.4765091046636043 0
1723098646311 1.4573444468367394 0
1723098646312 1.4412922103940584 0
1723098646312 1.424262051179012 0
1723098646313 1.4093816545532194 0
1723098646314 1.395160457196268 0
1723098646315 1.3823399250625508 0
1723098646315 1.3701850566278875 0
1723098646316 1.3590817014626444 0
1723098646317 1.3482319224021444 0
1723098646318 1.3385630761965137 0
1723098646319 1.3297016942709414 0
1723098646319 1.3213939368035323 0
1723098646320 1.313828644775277 0
1723098646321 1.3064934709069822 0
1723098646322 1.2990922771711184 0
1723098646322 1.2924317794037516 0
1723098646323 1.286086223697522 0
1723098646324 1.279867087062114 0
1723098646324 1.2740675421471959 0
1723098646325 1.2690784548319254 0
1723098646326 1.2641271422387403 0
1723098646327 1.2596075540230225 0
1723098646327 1.2549145828615993 0
1723098646328 1.2499986083847736 0
1723098646329 1.245830561660938 0
1723098646330 1.2418367049610997 0
1723098646330 1.2384523130346439 0
1723098646331 1.234697733717517 0
1723098646332 1.2314736070721113 0
1723098646333 1.2276740493534997 0
1723098646334 1.22447071815641 0
1723098646334 1.221601739870248 0
1723098646335 1.2182538384363788 0
1723098646336 1.2153668248542773 0
1723098646337 1.2125093682736765 0
1723098646337 1.209929910395822 0
1723098646338 1.2070326692273599 0
1723098646339 1.204738915289628 0
1723098646340 1.2025331197193514 0
1723098646340 1.1999740422254639 0
1723098646341 1.1978218724940273 0
1723098646342 1.1955330427962625 0
1723098646343 1.1926865398101112 0
1723098646343 1.1904628332488254 0
1723098646344 1.1888699209885238 0
1723098646345 1.1870993806252712 0
1723098646346 1.1854072569206664 0
1723098646346 1.1831766520100349 0
1723098646347 1.1812788806266865 0
1723098646348 1.1796973646786924 0
1723098646349 1.1784782095854283 0
1723098646349 1.1774484740921036 0
1723098646350 1.1752919459943634 0
1723098646351 1.1738437574347096 0
1723098646352 1.1722204312820441 0
1723098646352 1.1709605366300624 0
1723098646353 1.1700039184351059 0
1723098646354 1.1690798140578793 0
1723098646355 1.1679645860997403 0
1723098646355 1.166264254562237 0
1723098646356 1.1651424066367448 0
1723098646357 1.1638380176602532 0
1723098646358 1.1622303598076975 0
1723098646359 1.1609246369315154 0
1723098646359 1.1598111704196945 0
1723098646360 1.1584254297485799 0
1723098646361 1.157525862476065 0
1723098646362 1.1566008749638228 0
1723098646362 1.1541371409893795 0
1723098646363 1.1533067841125473 0
1723098646364 1.1524144320420118 0
1723098646365 1.1514249921717894 0
1723098646365 1.150819416038094 0
1723098646366 1.1499445702166669 0
1723098646367 1.1489365519574264 0
1723098646368 1.1476507160719047 0
1723098646368 1.146110978092063 0
1723098646369 1.1448614260974819 0
1723098646370 1.1434232529370378 0
1723098646371 1.1418615694126701 0
1723098646371 1.1407091440855675 0
1723098646372 1.1395639013484848 0
1723098646373 1.138575001632183 0
1723098646374 1.137528114538219 0
1723098646375 1.1363068997385082 0
1723098646375 1.1358590720223818 0
1723098646376 1.134718792944762 0
1723098646377 1.1337699974451978 0
