1723098589367 1.8483132492759768 0
1723098589368 1.8009058803608464 0
1723098589369 1.7570204357361232 0
1723098589370 1.7136479344917435 0
1723098589371 1.6732271754684556 0
1723098589372 1.6367671583864392 0
1723098589372 1.6037359979661667 0
1723098589373 1.5742099074441303 0
1723098589374 1.5471326819600772 0
1723098589375 1.5212539986568094 0
1723098589375 1.4986485983625306 0
1723098589376 1.4770086016679294 0
1723098589377 1.4569990981113625 0
1723098589377 1.4391862403343805 0
1723098589378 1.4228442909991958 0
1723098589379 1.408127172368434 0
1723098589380 1.3943487702948678 0
1723098589380 1.381888724850676 0
1723098589381 1.3701606101925132 0
1723098589382 1.35921022743932 0
1723098589382 1.34854830599177 0
1723098589383 1.339321426143979 0
1723098589384 1.3299937717637116 0
1723098589384 1.321480319188757 0
1723098589385 1.3136217729248396 0
1723098589386 1.3064351531944356 0
1723098589387 1.2990103828411015 0
1723098589387 1.2924856907014497 0
1723098589388 1.285874865252797 0
1723098589389 1.2797407283698774 0
1723098589389 1.274417874198643 0
1723098589390 1.2688730375782216 0
1723098589391 1.2636201426197717 0
1723098589392 1.2591013379735572 0
1723098589392 1.2546285003018436 0
1723098589393 1.2501202450458344 0
1723098589394 1.2461998954675828 0
1723098589394 1.2423330808116786 0
1723098589395 1.2383562755043405 0
1723098589396 1.2349738997235709 0
1723098589397 1.2314820630979937 0
1723098589397 1.2287485769590958 0
1723098589398 1.225258832177232 0
1723098589399 1.2221726049244865 0
1723098589399 1.2191615556996354 0
1723098589400 1.2163287631156032 0
1723098589401 1.2135180443042526 0
1723098589402 1.211263139335926 0
1723098589402 1.2085874294501604 0
1723098589403 1.2057629468984363 0
1723098589404 1.2030554553392494 0
1723098589404 1.200884831314564 0
1723098589405 1.1983209201971317 0
1723098589406 1.1965015257183722 0
1723098589407 1.1941000371515587 0
1723098589407 1.1923107432877236 0
1723098589408 1.1909301676791146 0
1723098589409 1.1888071478601516 0
1723098589410 1.186973221055515 0
1723098589410 1.1854973901644255 0
1723098589411 1.1842696060746203 0
1723098589412 1.182617535181004 0
1723098589413 1.181426883100704 0
1723098589413 1.1796626257909066 0
1723098589414 1.1778903499008848 0
1723098589415 1.1762101338092663 0
1723098589416 1.1743796621040767 0
1723098589416 1.1731465848394922 0
1723098589417 1.171826551246616 0
1723098589418 1.1705907209448685 0
1723098589418 1.1691482485524392 0
1723098589419 1.1680556896029737 0
1723098589420 1.1664722510988614 0
1723098589421 1.165313953032465 0
1723098589421 1.1636081220270487 0
1723098589422 1.1626277287098439 0
1723098589423 1.1608834342620857 0
1723098589424 1.1594139294041408 0
1723098589424 1.1582031753923563 0
1723098589425 1.1573514721834468 0
1723098589426 1.155926339900309 0
1723098589427 1.1544302173208365 0
1723098589427 1.1528072098429711 0
1723098589428 1.1516458861911774 0
1723098589429 1.1509042359417114 0
1723098589429 1.1491955311832043 0
1723098589430 1.14865043924654 0
1723098589431 1.1478943967965414 0
1723098589432 1.1457942876801683 0
1723098589432 1.1445159879197744 0
1723098589433 1.1427389775470316 0
1723098589434 1.1416754280421633 0
1723098589435 1.1406835779724618 0
1723098589435 1.139546541590233 0
1723098589436 1.1381593064655289 0
1723098589437 1.1378181000385474 0
1723098589438 1.1360512929174114 0
1723098589438 1.1347569847630723 0
1723098589439 1.132930254824662 0
1723098589440 1.132500340550119 0
