1723098631096 1.8912879367222657 0
1723098631097 1.882405060134103 0
1723098631098 1.8726295702694653 0
1723098631099 1.8639831499203259 0
1723098631100 1.8551865081532946 0
1723098631100 1.8465984954353791 0
1723098631101 1.8374879627159768 0
1723098631102 1.8291823332953703 0
1723098631103 1.8209847080294126 0
1723098631103 1.812542586707341 0
1723098631104 1.8046787451020472 0
1723098631105 1.796551934311117 0
1723098631106 1.78889557248747 0
1723098631106 1.7808007125335783 0
1723098631107 1.7734318397566227 0
1723098631108 1.7661915986057506 0
1723098631109 1.7591248573396583 0
1723098631110 1.7522083151812495 0
1723098631110 1.745403592430593 0
1723098631111 1.7389706287022477 0
1723098631112 1.7333488868336007 0
1723098631113 1.726632602343699 0
1723098631113 1.7199868332399415 0
1723098631114 1.7143944187147946 0
1723098631115 1.7076212587999073 0
1723098631116 1.7013921429195116 0
1723098631116 1.6952186564687288 0
1723098631117 1.6900197519324283 0
1723098631118 1.6841432310315736 0
1723098631119 1.678015140830912 0
1723098631119 1.671886264949802 0
1723098631120 1.665956502982218 0
1723098631121 1.6600879836363684 0
1723098631122 1.6544352254065207 0
1723098631122 1.648734228084309 0
1723098631123 1.6435365988063375 0
1723098631124 1.638238041487117 0
1723098631125 1.6328328202762088 0
1723098631125 1.6274792074442348 0
1723098631126 1.622234727467079 0
1723098631127 1.617156909535847 0
1723098631128 1.6120958288560365 0
1723098631128 1.6071969008706455 0
1723098631129 1.6023261647406235 0
1723098631130 1.597691972098316 0
1723098631131 1.5930349679398872 0
1723098631131 1.5884203696236971 0
1723098631132 1.5846185483440014 0
1723098631133 1.5800494008017896 0
1723098631133 1.575679651991807 0
1723098631134 1.5711278701627787 0
1723098631135 1.5672026707131679 0
1723098631135 1.5635086530729772 0
1723098631136 1.5594126381289655 0
1723098631137 1.555956940330436 0
1723098631138 1.5518941020649493 0
1723098631138 1.5479500067674565 0
1723098631139 1.5438324903087626 0
1723098631140 1.539930305581565 0
1723098631140 1.5361325267324606 0
1723098631141 1.5324472876834359 0
1723098631142 1.529495196172109 0
1723098631143 1.525944341611079 0
1723098631143 1.5224266045911972 0
1723098631144 1.5189274332544334 0
1723098631145 1.515677028296062 0
1723098631146 1.5124824915307704 0
1723098631147 1.5093688724675343 0
1723098631148 1.506812387909238 0
1723098631148 1.5035058919262965 0
1723098631149 1.5004957619738513 0
1723098631150 1.4971826465515117 0
1723098631151 1.4939412496173758 0
1723098631151 1.4909851238102476 0
1723098631152 1.4878651169706687 0
1723098631153 1.4849969659615498 0
1723098631154 1.4820775148112564 0
1723098631154 1.4790343990954447 0
1723098631155 1.4762282556865611 0
1723098631156 1.4734708778684404 0
1723098631156 1.4706862650573935 0
1723098631157 1.467960383751222 0
1723098631158 1.4651309065744753 0
1723098631159 1.4624031688549448 0
1723098631159 1.4594697272822847 0
1723098631160 1.4570297339743927 0
1723098631161 1.4543840737630926 0
1723098631162 1.4518796785145942 0
1723098631163 1.4493779855381184 0
1723098631163 1.447053836248398 0
1723098631164 1.4446917860788235 0
1723098631165 1.4423145696624653 0
1723098631166 1.4401110166431375 0
1723098631166 1.4379305140903322 0
1723098631167 1.4355779356761158 0
1723098631168 1.4331277152192337 0
1723098631169 1.4308510028402543 0
1723098631170 1.428654107513897 0
1723098631170 1.4264395160931316 0
1723098631171 1.4243823437900125 0
