1723098574066 1.8912660986904257 0
1723098574067 1.8831233571288621 0
1723098574067 1.873969083714082 0
1723098574068 1.8650171692049722 0
1723098574069 1.8561672831684417 0
1723098574070 1.849032327766239 0
1723098574071 1.8404603078813955 0
1723098574071 1.8334415680890208 0
1723098574072 1.8251912473284317 0
1723098574073 1.8170581491330235 0
1723098574074 1.8084104458925097 0
1723098574075 1.8007543645025577 0
1723098574075 1.7933781035013885 0
1723098574076 1.785839702919044 0
1723098574077 1.7784050276535988 0
1723098574078 1.771201423124802 0
1723098574078 1.7635429792042323 0
1723098574079 1.7563655638563738 0
1723098574080 1.7496911178655679 0
1723098574081 1.7422335510488656 0
1723098574081 1.7355215713760739 0
1723098574082 1.7291496172030127 0
1723098574083 1.7221680555812051 0
1723098574084 1.7159230036180178 0
1723098574084 1.7092671633942116 0
1723098574085 1.7026092494816818 0
1723098574086 1.6965368383419104 0
1723098574087 1.6901711013844896 0
1723098574088 1.6838641834416253 0
1723098574088 1.6776318457960375 0
1723098574089 1.672121087679182 0
1723098574090 1.6660842580783743 0
1723098574091 1.6605922272611564 0
1723098574092 1.6548567646837664 0
1723098574092 1.6494929655872481 0
1723098574093 1.6439855478699275 0
1723098574094 1.6385995746302 0
1723098574095 1.6343754563924362 0
1723098574095 1.6290011702019718 0
1723098574096 1.6237338323066974 0
1723098574097 1.6186073052972036 0
1723098574098 1.6138470731778505 0
1723098574099 1.608935879424212 0
1723098574099 1.6038186271376142 0
1723098574100 1.5993349783257123 0
1723098574101 1.5947876223151287 0
1723098574102 1.5902122528844185 0
1723098574103 1.5860040857161206 0
1723098574104 1.5813163885986514 0
1723098574104 1.5773529036984684 0
1723098574105 1.5728134516559884 0
1723098574106 1.5683170151251185 0
1723098574107 1.5641094139458662 0
1723098574108 1.559860834642614 0
1723098574108 1.5561621252348699 0
1723098574109 1.5520673313488953 0
1723098574110 1.548874815276474 0
1723098574111 1.5450192138710754 0
1723098574112 1.5410826344678237 0
1723098574113 1.5373344612071318 0
1723098574114 1.5333746087437068 0
1723098574114 1.5298913252469213 0
1723098574115 1.5265076332155216 0
1723098574116 1.522934125398109 0
1723098574117 1.519563961654982 0
1723098574117 1.5162424539627608 0
1723098574118 1.5126821139432558 0
1723098574119 1.509286797496194 0
1723098574120 1.5061798330358032 0
1723098574121 1.5028893785340076 0
1723098574121 1.4997412431509285 0
1723098574122 1.4965852297024123 0
1723098574123 1.4932736717909396 0
1723098574124 1.4903061804054216 0
1723098574125 1.4875298713124983 0
1723098574125 1.484514509715709 0
1723098574126 1.481670085780513 0
1723098574127 1.478882875717409 0
1723098574128 1.4762356861312915 0
1723098574128 1.473355090545529 0
1723098574129 1.4705681652498899 0
1723098574130 1.4678689103387725 0
1723098574131 1.4650880860592932 0
1723098574132 1.4623269923486117 0
1723098574132 1.4596104466372055 0
1723098574133 1.4570780775472474 0
1723098574134 1.4544615924076174 0
1723098574135 1.4519764192973148 0
1723098574135 1.449452255167706 0
1723098574136 1.4469336281016225 0
1723098574137 1.44464852248883 0
1723098574138 1.4422742423031416 0
1723098574139 1.4400120177852396 0
1723098574139 1.4377255031094027 0
1723098574140 1.4354398396363055 0
1723098574141 1.4331610189683388 0
1723098574142 1.43085413800113 0
1723098574142 1.4286451599669414 0
1723098574143 1.4262954763280071 0
1723098574144 1.4242569360916237 0
